2020-05-11-00-44-43
{'learning_rate': 0.02, 'batch_size': 10, 'epoch': 5, 'train_mode': 'FedAvg', 'cla': 10}
Sequential(
  (0): Conv2D(1 -> 6, kernel_size=(5, 5), stride=(1, 1), Activation(relu))
  (1): MaxPool2D(size=(2, 2), stride=(2, 2), padding=(0, 0), ceil_mode=False, global_pool=False, pool_type=max, layout=NCHW)
  (2): Conv2D(6 -> 16, kernel_size=(5, 5), stride=(1, 1), Activation(relu))
  (3): MaxPool2D(size=(2, 2), stride=(2, 2), padding=(0, 0), ceil_mode=False, global_pool=False, pool_type=max, layout=NCHW)
  (4): Dense(256 -> 120, Activation(relu))
  (5): Dense(120 -> 84, Activation(relu))
  (6): Dense(84 -> 10, linear)
)
184
[0.23, 0.24, 0.31, 0.48, 0.51, 0.44, 0.48, 0.41, 0.68, 0.68, 0.64, 0.67, 0.69, 0.62, 0.75, 0.78, 0.75, 0.73, 0.85, 0.83, 0.69, 0.83, 0.83, 0.86, 0.74, 0.75, 0.75, 0.77, 0.76, 0.83, 0.85, 0.83, 0.79, 0.86, 0.88, 0.86, 0.85, 0.84, 0.88, 0.91, 0.88, 0.67, 0.89, 0.87, 0.86, 0.91, 0.91, 0.93, 0.92, 0.92, 0.92, 0.91, 0.9, 0.89, 0.91, 0.93, 0.92, 0.94, 0.85, 0.9, 0.9, 0.88, 0.94, 0.93, 0.95, 0.91, 0.85, 0.94, 0.93, 0.92, 0.93, 0.94, 0.92, 0.93, 0.92, 0.93, 0.92, 0.96, 0.95, 0.95, 0.93, 0.92, 0.94, 0.93, 0.92, 0.94, 0.92, 0.94, 0.94, 0.94, 0.94, 0.96, 0.96, 0.9, 0.96, 0.93, 0.94, 0.95, 0.93, 0.95, 0.94, 0.94, 0.93, 0.94, 0.93, 0.94, 0.95, 0.93, 0.93, 0.88, 0.96, 0.94, 0.95, 0.95, 0.96, 0.95, 0.93, 0.92, 0.95, 0.94, 0.94, 0.96, 0.96, 0.93, 0.96, 0.96, 0.94, 0.94, 0.9, 0.94, 0.91, 0.95, 0.92, 0.94, 0.95, 0.96, 0.96, 0.93, 0.96, 0.96, 0.96, 0.97, 0.93, 0.94, 0.95, 0.94, 0.97, 0.95, 0.95, 0.97, 0.93, 0.95, 0.94, 0.9, 0.94, 0.97, 0.96, 0.95, 0.95, 0.96, 0.91, 0.96, 0.94, 0.94, 0.97, 0.97, 0.97, 0.97, 0.95, 0.94, 0.96, 0.97, 0.96, 0.97, 0.91, 0.96, 0.96, 0.96, 0.97, 0.96, 0.96, 0.96, 0.96, 0.98]

