2020-04-24-23-05-54
{'learning_rate': 0.04, 'batch_size': 100, 'epoch': 5, 'train_mode': 'FedAvg', 'cla': 50}
Sequential(
  (0): Dense(784 -> 128, Activation(relu))
  (1): Dense(128 -> 64, Activation(relu))
  (2): Dense(64 -> 10, linear)
)
93
[0.52, 0.74, 0.79, 0.82, 0.81, 0.83, 0.83, 0.85, 0.85, 0.85, 0.86, 0.86, 0.86, 0.87, 0.87, 0.88, 0.88, 0.89, 0.88, 0.9, 0.9, 0.9, 0.9, 0.9, 0.9, 0.9, 0.9, 0.9, 0.9, 0.9, 0.89, 0.9, 0.89, 0.9, 0.9, 0.9, 0.9, 0.9, 0.89, 0.91, 0.91, 0.91, 0.91, 0.91, 0.91, 0.91, 0.9, 0.92, 0.9, 0.92, 0.92, 0.92, 0.92, 0.92, 0.91, 0.92, 0.92, 0.92, 0.91, 0.92, 0.92, 0.92, 0.92, 0.93, 0.92, 0.93, 0.93, 0.93, 0.93, 0.93, 0.93, 0.93, 0.94, 0.94, 0.94, 0.94, 0.94, 0.95, 0.95, 0.95, 0.95, 0.95, 0.95, 0.95, 0.95, 0.95, 0.96, 0.96, 0.95, 0.96, 0.96, 0.96, 0.96]

