2020-04-24-14-32-12
{'learning_rate': 0.04, 'batch_size': 100, 'epoch': 5, 'train_mode': 'FedAvg', 'cla': 5}
Sequential(
  (0): Dense(784 -> 128, Activation(relu))
  (1): Dense(128 -> 64, Activation(relu))
  (2): Dense(64 -> 10, linear)
)
96
[0.58, 0.76, 0.77, 0.82, 0.82, 0.84, 0.82, 0.82, 0.84, 0.88, 0.85, 0.87, 0.87, 0.88, 0.87, 0.87, 0.87, 0.89, 0.88, 0.88, 0.9, 0.9, 0.9, 0.89, 0.9, 0.89, 0.89, 0.89, 0.9, 0.89, 0.89, 0.9, 0.88, 0.91, 0.9, 0.9, 0.91, 0.89, 0.89, 0.89, 0.89, 0.9, 0.9, 0.89, 0.9, 0.9, 0.9, 0.89, 0.9, 0.9, 0.89, 0.9, 0.92, 0.91, 0.89, 0.91, 0.91, 0.91, 0.92, 0.93, 0.91, 0.92, 0.92, 0.93, 0.93, 0.91, 0.92, 0.91, 0.91, 0.91, 0.92, 0.92, 0.92, 0.91, 0.92, 0.92, 0.92, 0.95, 0.96, 0.95, 0.96, 0.94, 0.95, 0.95, 0.94, 0.94, 0.95, 0.92, 0.94, 0.93, 0.92, 0.93, 0.94, 0.93, 0.93, 0.97]

