2020-04-28-21-11-12
{'learning_rate': 0.01, 'batch_size': 10, 'epoch': 5, 'train_mode': 'FedAvg', 'cla': 10}
Sequential(
  (0): Dense(784 -> 128, Activation(relu))
  (1): Dense(128 -> 64, Activation(relu))
  (2): Dense(64 -> 10, linear)
)
50
[0.78, 0.82, 0.84, 0.86, 0.86, 0.9, 0.89, 0.89, 0.89, 0.89, 0.88, 0.88, 0.89, 0.88, 0.88, 0.9, 0.89, 0.9, 0.9, 0.9, 0.91, 0.93, 0.91, 0.91, 0.91, 0.92, 0.9, 0.93, 0.94, 0.93, 0.92, 0.94, 0.95, 0.93, 0.94, 0.95, 0.94, 0.94, 0.95, 0.95, 0.96, 0.96, 0.96, 0.95, 0.94, 0.96, 0.94, 0.96, 0.96, 0.97]

