2020-04-28-22-51-48
{'learning_rate': 0.04, 'batch_size': 100, 'epoch': 10, 'train_mode': 'FedAvg', 'cla': 10}
Sequential(
  (0): Dense(784 -> 128, Activation(relu))
  (1): Dense(128 -> 64, Activation(relu))
  (2): Dense(64 -> 10, linear)
)
59
[0.76, 0.8, 0.82, 0.83, 0.86, 0.9, 0.87, 0.88, 0.89, 0.88, 0.89, 0.88, 0.88, 0.89, 0.88, 0.89, 0.9, 0.9, 0.9, 0.89, 0.89, 0.89, 0.92, 0.9, 0.9, 0.92, 0.91, 0.92, 0.92, 0.92, 0.91, 0.91, 0.92, 0.92, 0.91, 0.93, 0.92, 0.94, 0.94, 0.92, 0.92, 0.96, 0.94, 0.93, 0.94, 0.95, 0.93, 0.95, 0.95, 0.96, 0.96, 0.96, 0.96, 0.94, 0.96, 0.95, 0.94, 0.95, 0.97]

