2020-04-28-21-53-36
{'learning_rate': 0.01, 'batch_size': 100, 'epoch': 5, 'train_mode': 'FedAvg', 'cla': 10}
Sequential(
  (0): Dense(784 -> 128, Activation(relu))
  (1): Dense(128 -> 64, Activation(relu))
  (2): Dense(64 -> 10, linear)
)
246
[0.16, 0.35, 0.45, 0.54, 0.61, 0.7, 0.74, 0.76, 0.77, 0.76, 0.77, 0.79, 0.79, 0.81, 0.8, 0.82, 0.82, 0.81, 0.82, 0.81, 0.83, 0.84, 0.83, 0.82, 0.82, 0.85, 0.86, 0.85, 0.86, 0.85, 0.86, 0.86, 0.86, 0.86, 0.86, 0.86, 0.85, 0.85, 0.85, 0.85, 0.86, 0.85, 0.86, 0.87, 0.86, 0.88, 0.86, 0.85, 0.87, 0.86, 0.86, 0.86, 0.87, 0.88, 0.87, 0.9, 0.87, 0.86, 0.89, 0.87, 0.88, 0.87, 0.88, 0.88, 0.88, 0.89, 0.87, 0.87, 0.89, 0.87, 0.88, 0.87, 0.89, 0.88, 0.88, 0.89, 0.88, 0.87, 0.89, 0.89, 0.88, 0.88, 0.89, 0.88, 0.89, 0.89, 0.88, 0.88, 0.9, 0.89, 0.9, 0.88, 0.89, 0.88, 0.89, 0.89, 0.89, 0.88, 0.9, 0.89, 0.89, 0.89, 0.89, 0.89, 0.89, 0.89, 0.89, 0.88, 0.9, 0.89, 0.89, 0.89, 0.9, 0.89, 0.89, 0.89, 0.89, 0.88, 0.9, 0.89, 0.89, 0.89, 0.9, 0.89, 0.89, 0.9, 0.89, 0.88, 0.9, 0.89, 0.89, 0.9, 0.9, 0.9, 0.89, 0.9, 0.89, 0.88, 0.9, 0.89, 0.89, 0.89, 0.9, 0.9, 0.89, 0.9, 0.89, 0.89, 0.91, 0.89, 0.9, 0.89, 0.9, 0.9, 0.89, 0.91, 0.9, 0.9, 0.91, 0.9, 0.9, 0.89, 0.91, 0.9, 0.9, 0.91, 0.91, 0.9, 0.91, 0.9, 0.91, 0.9, 0.91, 0.9, 0.9, 0.91, 0.9, 0.9, 0.91, 0.91, 0.91, 0.92, 0.92, 0.9, 0.9, 0.92, 0.9, 0.91, 0.92, 0.91, 0.92, 0.92, 0.92, 0.9, 0.91, 0.92, 0.91, 0.91, 0.92, 0.91, 0.92, 0.92, 0.92, 0.91, 0.91, 0.92, 0.91, 0.91, 0.92, 0.92, 0.92, 0.92, 0.92, 0.92, 0.91, 0.92, 0.92, 0.92, 0.92, 0.91, 0.92, 0.92, 0.92, 0.92, 0.91, 0.92, 0.92, 0.92, 0.93, 0.91, 0.93, 0.92, 0.92, 0.92, 0.91, 0.93, 0.92, 0.93, 0.93, 0.91, 0.93, 0.92, 0.93, 0.93, 0.92, 0.93]

