2020-04-28-22-40-50
{'learning_rate': 0.04, 'batch_size': 100, 'epoch': 5, 'train_mode': 'FedAvg', 'cla': 10}
Sequential(
  (0): Dense(784 -> 128, Activation(relu))
  (1): Dense(128 -> 64, Activation(relu))
  (2): Dense(64 -> 10, linear)
)
52
[0.56, 0.74, 0.8, 0.82, 0.82, 0.84, 0.85, 0.85, 0.84, 0.86, 0.85, 0.88, 0.88, 0.88, 0.87, 0.9, 0.9, 0.89, 0.89, 0.89, 0.88, 0.88, 0.89, 0.89, 0.88, 0.89, 0.88, 0.89, 0.9, 0.89, 0.89, 0.89, 0.89, 0.91, 0.89, 0.89, 0.9, 0.92, 0.9, 0.9, 0.9, 0.89, 0.9, 0.9, 0.9, 0.92, 0.91, 0.92, 0.92, 0.92, 0.92, 0.92]

