2020-04-29-10-07-51
{'learning_rate': 0.04, 'batch_size': 50, 'epoch': 5, 'train_mode': 'FedAvg', 'cla': 10}
Sequential(
  (0): Dense(784 -> 128, Activation(relu))
  (1): Dense(128 -> 64, Activation(relu))
  (2): Dense(64 -> 10, linear)
)
52
[0.75, 0.79, 0.82, 0.83, 0.85, 0.88, 0.87, 0.89, 0.88, 0.87, 0.89, 0.88, 0.89, 0.89, 0.88, 0.9, 0.9, 0.9, 0.9, 0.89, 0.89, 0.89, 0.92, 0.91, 0.9, 0.92, 0.91, 0.93, 0.92, 0.93, 0.91, 0.91, 0.92, 0.92, 0.92, 0.94, 0.93, 0.94, 0.95, 0.93, 0.96, 0.96, 0.95, 0.93, 0.94, 0.95, 0.95, 0.95, 0.95, 0.96, 0.96, 0.97]

