2020-04-29-10-19-32
{'learning_rate': 0.04, 'batch_size': 50, 'epoch': 5, 'train_mode': 'FedAvg', 'cla': 20}
Sequential(
  (0): Dense(784 -> 128, Activation(relu))
  (1): Dense(128 -> 64, Activation(relu))
  (2): Dense(64 -> 10, linear)
)
54
[0.73, 0.8, 0.83, 0.86, 0.84, 0.86, 0.87, 0.88, 0.89, 0.89, 0.88, 0.89, 0.89, 0.9, 0.9, 0.89, 0.89, 0.9, 0.9, 0.9, 0.9, 0.91, 0.9, 0.91, 0.91, 0.91, 0.92, 0.92, 0.92, 0.93, 0.92, 0.93, 0.92, 0.93, 0.93, 0.94, 0.94, 0.94, 0.94, 0.94, 0.96, 0.94, 0.96, 0.96, 0.96, 0.96, 0.96, 0.96, 0.96, 0.96, 0.96, 0.96, 0.96, 0.97]

