2020-05-09-09-10-11
{'learning_rate': 0.02, 'batch_size': 50, 'epoch': 1, 'train_mode': 'FedAvg', 'cla': 10}
Sequential(
  (0): Conv2D(1 -> 6, kernel_size=(5, 5), stride=(1, 1), Activation(relu))
  (1): MaxPool2D(size=(2, 2), stride=(2, 2), padding=(0, 0), ceil_mode=False, global_pool=False, pool_type=max, layout=NCHW)
  (2): Conv2D(6 -> 16, kernel_size=(5, 5), stride=(1, 1), Activation(relu))
  (3): MaxPool2D(size=(2, 2), stride=(2, 2), padding=(0, 0), ceil_mode=False, global_pool=False, pool_type=max, layout=NCHW)
  (4): Dense(256 -> 120, Activation(relu))
  (5): Dense(120 -> 84, Activation(relu))
  (6): Dense(84 -> 10, linear)
)
508
[0.12, 0.11, 0.21, 0.16, 0.21, 0.38, 0.38, 0.26, 0.39, 0.53, 0.37, 0.47, 0.37, 0.38, 0.61, 0.33, 0.42, 0.59, 0.55, 0.54, 0.68, 0.55, 0.54, 0.66, 0.61, 0.55, 0.44, 0.67, 0.45, 0.63, 0.65, 0.58, 0.69, 0.71, 0.71, 0.61, 0.66, 0.72, 0.71, 0.66, 0.7, 0.65, 0.68, 0.76, 0.72, 0.76, 0.63, 0.74, 0.72, 0.77, 0.71, 0.76, 0.67, 0.71, 0.77, 0.75, 0.76, 0.81, 0.77, 0.77, 0.81, 0.77, 0.81, 0.73, 0.78, 0.76, 0.81, 0.72, 0.82, 0.82, 0.83, 0.86, 0.82, 0.81, 0.81, 0.83, 0.84, 0.82, 0.81, 0.81, 0.85, 0.83, 0.8, 0.8, 0.79, 0.81, 0.86, 0.84, 0.75, 0.79, 0.84, 0.87, 0.85, 0.83, 0.81, 0.85, 0.86, 0.85, 0.86, 0.86, 0.85, 0.84, 0.85, 0.86, 0.83, 0.88, 0.84, 0.88, 0.86, 0.83, 0.84, 0.88, 0.85, 0.85, 0.88, 0.87, 0.86, 0.88, 0.88, 0.89, 0.87, 0.9, 0.89, 0.86, 0.9, 0.91, 0.89, 0.89, 0.88, 0.92, 0.86, 0.89, 0.92, 0.87, 0.85, 0.91, 0.85, 0.87, 0.89, 0.89, 0.9, 0.91, 0.89, 0.9, 0.89, 0.87, 0.87, 0.89, 0.92, 0.92, 0.89, 0.88, 0.91, 0.85, 0.88, 0.91, 0.93, 0.89, 0.86, 0.92, 0.91, 0.9, 0.87, 0.89, 0.9, 0.84, 0.91, 0.91, 0.91, 0.92, 0.88, 0.85, 0.89, 0.9, 0.92, 0.92, 0.91, 0.93, 0.94, 0.9, 0.89, 0.87, 0.93, 0.9, 0.91, 0.91, 0.92, 0.92, 0.92, 0.88, 0.87, 0.9, 0.91, 0.93, 0.93, 0.92, 0.92, 0.92, 0.93, 0.91, 0.92, 0.91, 0.93, 0.94, 0.93, 0.91, 0.88, 0.88, 0.92, 0.93, 0.92, 0.94, 0.91, 0.94, 0.93, 0.91, 0.91, 0.88, 0.93, 0.92, 0.92, 0.93, 0.93, 0.91, 0.91, 0.92, 0.94, 0.93, 0.93, 0.93, 0.91, 0.92, 0.85, 0.88, 0.94, 0.93, 0.93, 0.92, 0.93, 0.94, 0.92, 0.93, 0.93, 0.94, 0.92, 0.93, 0.93, 0.94, 0.93, 0.94, 0.94, 0.95, 0.94, 0.94, 0.92, 0.93, 0.94, 0.93, 0.94, 0.94, 0.93, 0.93, 0.92, 0.91, 0.93, 0.95, 0.95, 0.96, 0.95, 0.95, 0.94, 0.93, 0.92, 0.94, 0.95, 0.95, 0.91, 0.93, 0.95, 0.95, 0.93, 0.95, 0.89, 0.94, 0.94, 0.93, 0.94, 0.92, 0.93, 0.95, 0.92, 0.92, 0.96, 0.94, 0.95, 0.95, 0.95, 0.92, 0.93, 0.93, 0.94, 0.94, 0.95, 0.94, 0.96, 0.95, 0.96, 0.96, 0.94, 0.95, 0.95, 0.95, 0.94, 0.95, 0.93, 0.91, 0.93, 0.94, 0.95, 0.96, 0.97, 0.94, 0.95, 0.96, 0.97, 0.95, 0.94, 0.96, 0.94, 0.94, 0.95, 0.97, 0.94, 0.94, 0.95, 0.95, 0.96, 0.93, 0.96, 0.95, 0.94, 0.95, 0.96, 0.94, 0.96, 0.93, 0.95, 0.96, 0.94, 0.97, 0.97, 0.95, 0.95, 0.95, 0.96, 0.96, 0.94, 0.96, 0.96, 0.93, 0.95, 0.95, 0.96, 0.96, 0.95, 0.96, 0.97, 0.95, 0.95, 0.94, 0.95, 0.95, 0.96, 0.96, 0.95, 0.95, 0.94, 0.96, 0.97, 0.97, 0.96, 0.95, 0.95, 0.95, 0.96, 0.95, 0.95, 0.96, 0.96, 0.96, 0.97, 0.96, 0.96, 0.96, 0.94, 0.95, 0.96, 0.95, 0.95, 0.94, 0.96, 0.95, 0.94, 0.95, 0.96, 0.95, 0.97, 0.95, 0.96, 0.95, 0.95, 0.96, 0.95, 0.95, 0.96, 0.95, 0.95, 0.96, 0.95, 0.97, 0.96, 0.96, 0.95, 0.95, 0.97, 0.95, 0.94, 0.95, 0.95, 0.95, 0.97, 0.96, 0.96, 0.97, 0.97, 0.95, 0.96, 0.96, 0.95, 0.95, 0.94, 0.95, 0.95, 0.95, 0.97, 0.97, 0.97, 0.95, 0.95, 0.96, 0.97, 0.95, 0.96, 0.94, 0.96, 0.96, 0.96, 0.97, 0.97, 0.95, 0.95, 0.96, 0.96, 0.94, 0.96, 0.95, 0.95, 0.97, 0.96, 0.94, 0.96, 0.97, 0.97, 0.96, 0.96, 0.94, 0.96, 0.95, 0.96, 0.94, 0.96, 0.97, 0.96, 0.96, 0.96, 0.96, 0.96, 0.95, 0.96, 0.95, 0.95, 0.96, 0.96, 0.95, 0.96, 0.95, 0.97, 0.96, 0.93, 0.92, 0.93, 0.93, 0.96, 0.96, 0.97, 0.95, 0.96, 0.98]

