2020-05-09-18-29-04
{'learning_rate': 0.02, 'batch_size': 600, 'epoch': 20, 'train_mode': 'FedAvg', 'cla': 10}
Sequential(
  (0): Conv2D(1 -> 6, kernel_size=(5, 5), stride=(1, 1), Activation(relu))
  (1): MaxPool2D(size=(2, 2), stride=(2, 2), padding=(0, 0), ceil_mode=False, global_pool=False, pool_type=max, layout=NCHW)
  (2): Conv2D(6 -> 16, kernel_size=(5, 5), stride=(1, 1), Activation(relu))
  (3): MaxPool2D(size=(2, 2), stride=(2, 2), padding=(0, 0), ceil_mode=False, global_pool=False, pool_type=max, layout=NCHW)
  (4): Dense(256 -> 120, Activation(relu))
  (5): Dense(120 -> 84, Activation(relu))
  (6): Dense(84 -> 10, linear)
)
392
[0.14, 0.22, 0.32, 0.12, 0.16, 0.31, 0.46, 0.42, 0.5, 0.58, 0.59, 0.57, 0.58, 0.58, 0.62, 0.57, 0.67, 0.3, 0.54, 0.54, 0.63, 0.64, 0.58, 0.66, 0.58, 0.65, 0.66, 0.66, 0.54, 0.63, 0.76, 0.79, 0.68, 0.7, 0.66, 0.7, 0.75, 0.79, 0.79, 0.68, 0.76, 0.77, 0.7, 0.76, 0.7, 0.68, 0.73, 0.82, 0.84, 0.84, 0.8, 0.76, 0.8, 0.73, 0.81, 0.73, 0.76, 0.83, 0.85, 0.87, 0.8, 0.86, 0.8, 0.84, 0.86, 0.77, 0.85, 0.89, 0.76, 0.83, 0.77, 0.83, 0.86, 0.86, 0.86, 0.86, 0.84, 0.85, 0.88, 0.86, 0.88, 0.88, 0.79, 0.73, 0.83, 0.88, 0.89, 0.88, 0.82, 0.89, 0.86, 0.88, 0.87, 0.78, 0.85, 0.84, 0.89, 0.89, 0.86, 0.88, 0.88, 0.86, 0.86, 0.88, 0.88, 0.88, 0.86, 0.88, 0.9, 0.88, 0.91, 0.88, 0.89, 0.91, 0.92, 0.91, 0.9, 0.9, 0.92, 0.9, 0.88, 0.87, 0.84, 0.87, 0.88, 0.91, 0.91, 0.88, 0.93, 0.91, 0.91, 0.87, 0.9, 0.9, 0.91, 0.93, 0.92, 0.93, 0.9, 0.9, 0.91, 0.9, 0.92, 0.92, 0.85, 0.86, 0.9, 0.92, 0.92, 0.94, 0.9, 0.91, 0.91, 0.87, 0.92, 0.92, 0.91, 0.94, 0.94, 0.91, 0.93, 0.93, 0.91, 0.92, 0.92, 0.93, 0.94, 0.85, 0.89, 0.86, 0.91, 0.92, 0.92, 0.93, 0.9, 0.91, 0.91, 0.89, 0.91, 0.9, 0.91, 0.95, 0.93, 0.9, 0.91, 0.91, 0.92, 0.9, 0.94, 0.93, 0.92, 0.9, 0.79, 0.8, 0.93, 0.92, 0.92, 0.91, 0.93, 0.93, 0.93, 0.9, 0.92, 0.93, 0.91, 0.93, 0.9, 0.91, 0.92, 0.91, 0.91, 0.92, 0.93, 0.94, 0.92, 0.92, 0.9, 0.92, 0.93, 0.93, 0.94, 0.92, 0.93, 0.93, 0.95, 0.93, 0.92, 0.92, 0.92, 0.94, 0.93, 0.95, 0.94, 0.9, 0.92, 0.94, 0.92, 0.94, 0.93, 0.95, 0.93, 0.91, 0.93, 0.92, 0.95, 0.94, 0.94, 0.94, 0.95, 0.93, 0.92, 0.95, 0.94, 0.95, 0.95, 0.93, 0.92, 0.92, 0.95, 0.95, 0.94, 0.93, 0.94, 0.91, 0.93, 0.95, 0.92, 0.94, 0.95, 0.93, 0.93, 0.95, 0.94, 0.93, 0.95, 0.94, 0.95, 0.96, 0.95, 0.96, 0.93, 0.93, 0.86, 0.93, 0.91, 0.93, 0.97, 0.95, 0.92, 0.95, 0.93, 0.96, 0.92, 0.92, 0.91, 0.96, 0.96, 0.93, 0.95, 0.96, 0.94, 0.95, 0.95, 0.93, 0.96, 0.94, 0.95, 0.95, 0.95, 0.93, 0.96, 0.96, 0.94, 0.95, 0.95, 0.95, 0.96, 0.94, 0.96, 0.96, 0.95, 0.97, 0.94, 0.94, 0.95, 0.95, 0.95, 0.95, 0.96, 0.96, 0.96, 0.94, 0.95, 0.93, 0.94, 0.95, 0.96, 0.95, 0.93, 0.95, 0.95, 0.94, 0.94, 0.95, 0.95, 0.96, 0.91, 0.95, 0.95, 0.97, 0.95, 0.93, 0.92, 0.94, 0.95, 0.95, 0.96, 0.95, 0.96, 0.97, 0.96, 0.95, 0.95, 0.97, 0.97, 0.96, 0.95, 0.96, 0.94, 0.94, 0.95, 0.96, 0.95, 0.96, 0.95, 0.96, 0.96, 0.97, 0.96, 0.96, 0.93, 0.86, 0.7, 0.75, 0.92, 0.94, 0.95, 0.96, 0.95, 0.96, 0.96, 0.98]

