
[[[[-3.15274334e+00 -9.38260269e+00 -1.44207230e+01 -1.30522270e+01
    -6.91250801e+00]
   [-6.45375395e+00 -1.22997770e+01 -1.50275888e+01 -1.15882006e+01
    -5.81791735e+00]
   [-3.95972967e+00 -6.18606853e+00 -5.49905968e+00 -3.05130792e+00
    -1.96336365e+00]
   [ 2.35377997e-01 -1.55186212e+00  4.15235758e-02  3.69089031e+00
     4.04775429e+00]
   [ 2.23256660e+00  2.93564796e-01  1.81055856e+00  5.70536995e+00
     5.65073156e+00]]]


 [[[ 5.23834324e+00  7.48702621e+00  3.90544653e+00 -3.07699013e+00
    -5.24792957e+00]
   [ 6.05203009e+00  4.50721979e+00 -3.68799400e+00 -1.26171741e+01
    -1.19785490e+01]
   [-3.21670246e+00 -1.03421040e+01 -2.17632828e+01 -2.88175106e+01
    -1.84465141e+01]
   [-1.04975147e+01 -2.15426064e+01 -3.09763966e+01 -3.04496956e+01
    -1.50977030e+01]
   [-8.76015282e+00 -1.48312159e+01 -1.78489742e+01 -1.56593561e+01
    -7.83730459e+00]]]


 [[[-2.39094567e+00 -3.98286366e+00 -2.71141195e+00 -1.44098699e+00
    -2.48476386e+00]
   [-5.11739403e-02 -5.92213869e-01 -2.51864642e-01 -5.75739503e-01
    -1.47377074e+00]
   [ 1.64473057e+00  2.94062233e+00  2.31472898e+00  5.99990785e-01
    -9.28320646e-01]
   [ 9.44722652e-01  1.59208739e+00  1.26392066e+00 -3.98543030e-01
    -8.59665871e-01]
   [-4.10886317e-01 -3.76123577e-01 -4.63247299e-02 -7.03174889e-01
    -3.53695840e-01]]]


 [[[-6.51758242e+00 -8.29665279e+00 -2.36111593e+00  4.52751923e+00
     1.14648266e+01]
   [-1.04730949e+01 -1.63658810e+01 -8.99726582e+00  1.95399618e+00
     6.98082590e+00]
   [-1.14498100e+01 -2.35060501e+01 -2.32458382e+01 -1.19246550e+01
    -3.23436570e+00]
   [-9.41019535e+00 -2.56779728e+01 -3.21090927e+01 -2.33673878e+01
    -1.08986921e+01]
   [-1.69907808e+00 -1.20631485e+01 -1.69524517e+01 -1.53291883e+01
    -9.92067051e+00]]]


 [[[ 5.60937452e+00  5.96773577e+00  5.84273338e+00  7.29434967e-01
    -5.55861902e+00]
   [ 8.89291477e+00  7.64118147e+00  3.70555305e+00 -4.81121445e+00
    -9.76801491e+00]
   [ 6.23656082e+00  3.36732912e+00 -2.11112809e+00 -8.77544689e+00
    -8.90856743e+00]
   [ 4.28096724e+00  1.51420385e-01 -7.21986914e+00 -1.09529762e+01
    -6.41899872e+00]
   [ 2.14050150e+00 -2.94514084e+00 -8.29220772e+00 -9.35227489e+00
    -3.42856646e+00]]]


 [[[ 8.54511142e-01  7.96409726e-01  4.46486950e-01  3.67895156e-01
     6.13371491e-01]
   [ 6.94949567e-01  5.37337005e-01  3.68855149e-01  3.13617587e-01
     4.95384276e-01]
   [ 4.62424219e-01  2.81211734e-01  9.64943320e-02  6.79537654e-02
     4.05250490e-01]
   [ 2.27351069e-01  4.66022640e-02  7.42375851e-03  1.04203820e-02
     7.14994788e-01]
   [ 1.00024045e-02 -3.60980630e-03  1.82650983e-03  8.23032111e-02
     1.08144534e+00]]]]
<NDArray 6x1x5x5 @gpu(0)>