
[[[[-3.15273142e+00 -9.38264179e+00 -1.44207439e+01 -1.30521965e+01
    -6.91249228e+00]
   [-6.45373297e+00 -1.22997847e+01 -1.50276365e+01 -1.15881929e+01
    -5.81791496e+00]
   [-3.95972538e+00 -6.18607998e+00 -5.49907875e+00 -3.05130816e+00
    -1.96335459e+00]
   [ 2.35398680e-01 -1.55189633e+00  4.15304974e-02  3.69088173e+00
     4.04776096e+00]
   [ 2.23256445e+00  2.93576270e-01  1.81055367e+00  5.70536470e+00
     5.65073347e+00]]]


 [[[ 5.23833036e+00  7.48701859e+00  3.90543199e+00 -3.07699108e+00
    -5.24792242e+00]
   [ 6.05202198e+00  4.50723314e+00 -3.68798709e+00 -1.26171694e+01
    -1.19785528e+01]
   [-3.21669817e+00 -1.03421564e+01 -2.17632713e+01 -2.88174019e+01
    -1.84465370e+01]
   [-1.04976006e+01 -2.15426197e+01 -3.09764042e+01 -3.04497337e+01
    -1.50977087e+01]
   [-8.76012707e+00 -1.48311567e+01 -1.78489933e+01 -1.56593523e+01
    -7.83729792e+00]]]


 [[[-2.39094758e+00 -3.98285818e+00 -2.71139836e+00 -1.44097769e+00
    -2.48476315e+00]
   [-5.11590242e-02 -5.92211664e-01 -2.51851857e-01 -5.75729489e-01
    -1.47376084e+00]
   [ 1.64475083e+00  2.94063306e+00  2.31472301e+00  5.99992394e-01
    -9.28321362e-01]
   [ 9.44716334e-01  1.59207904e+00  1.26392567e+00 -3.98543805e-01
    -8.59674633e-01]
   [-4.10889179e-01 -3.76109719e-01 -4.63250652e-02 -7.03173459e-01
    -3.53697747e-01]]]


 [[[-6.51757431e+00 -8.29664326e+00 -2.36110711e+00  4.52754164e+00
     1.14648466e+01]
   [-1.04731531e+01 -1.63658810e+01 -8.99725151e+00  1.95400310e+00
     6.98082161e+00]
   [-1.14497576e+01 -2.35060959e+01 -2.32459126e+01 -1.19246664e+01
    -3.23437715e+00]
   [-9.41012573e+00 -2.56779003e+01 -3.21091385e+01 -2.33674717e+01
    -1.08987160e+01]
   [-1.69907677e+00 -1.20631123e+01 -1.69524632e+01 -1.53291922e+01
    -9.92059040e+00]]]


 [[[ 5.60940695e+00  5.96774769e+00  5.84276390e+00  7.29437232e-01
    -5.55863953e+00]
   [ 8.89291954e+00  7.64119530e+00  3.70555925e+00 -4.81122923e+00
    -9.76801586e+00]
   [ 6.23654890e+00  3.36733675e+00 -2.11111522e+00 -8.77546692e+00
    -8.90856457e+00]
   [ 4.28094959e+00  1.51414990e-01 -7.21989250e+00 -1.09529762e+01
    -6.41899347e+00]
   [ 2.14049959e+00 -2.94516039e+00 -8.29219151e+00 -9.35228157e+00
    -3.42855906e+00]]]


 [[[ 8.54514122e-01  7.96409845e-01  4.46487248e-01  3.67890567e-01
     6.13369823e-01]
   [ 6.94946706e-01  5.37340522e-01  3.68868351e-01  3.13616157e-01
     4.95388716e-01]
   [ 4.62425858e-01  2.81216055e-01  9.64890271e-02  6.79318681e-02
     4.05253500e-01]
   [ 2.27351442e-01  4.65946533e-02  7.44042592e-03  1.04268473e-02
     7.14997828e-01]
   [ 1.00001041e-02 -3.61473789e-03  1.81689684e-03  8.22993740e-02
     1.08143950e+00]]]]
<NDArray 6x1x5x5 @gpu(0)>