
[[[[-2.4092350e+00 -5.9157305e+00 -8.4712915e+00 -7.8591599e+00
    -4.8045497e+00]
   [-4.5739369e+00 -7.2689652e+00 -8.6846027e+00 -7.5156355e+00
    -4.7523375e+00]
   [-3.4344976e+00 -4.2659831e+00 -4.1630793e+00 -3.6022012e+00
    -2.7455039e+00]
   [-6.8420321e-01 -8.2741457e-01 -2.0225607e-01  4.6525821e-01
     4.4793218e-01]
   [ 1.0289592e+00  9.2165023e-01  1.2196203e+00  2.3005185e+00
     2.6329782e+00]]]


 [[[ 3.1123407e+00  2.6131086e+00  3.5154337e-01 -2.6582692e+00
    -4.1896234e+00]
   [ 7.3456168e-01 -1.2306921e+00 -4.4001513e+00 -8.0915098e+00
    -8.3716278e+00]
   [-5.2716494e+00 -9.5352821e+00 -1.4035644e+01 -1.6815790e+01
    -1.3151011e+01]
   [-8.9016066e+00 -1.4637173e+01 -1.9415787e+01 -1.9386230e+01
    -1.3102430e+01]
   [-6.6582284e+00 -1.1369402e+01 -1.4125773e+01 -1.2716839e+01
    -8.2781773e+00]]]


 [[[-8.3239800e-01 -9.0566504e-01 -4.9345270e-01 -3.9201230e-01
    -9.1404098e-01]
   [ 3.5763869e-01  2.2451021e-01 -1.3966858e-02 -5.3405017e-01
    -8.2548225e-01]
   [ 6.0379207e-01  8.4142852e-01  3.2076502e-01 -2.7697095e-01
    -2.0076409e-01]
   [ 4.9905369e-01  7.4944961e-01  7.5433332e-01  4.2599413e-01
     4.8137197e-01]
   [ 4.4075456e-01  6.4439809e-01  8.5632992e-01  6.0334581e-01
     4.4147784e-01]]]


 [[[-4.0879874e+00 -4.4631438e+00 -2.5337381e+00  1.5620068e-01
     2.5332782e+00]
   [-7.0486970e+00 -9.2700319e+00 -7.5251336e+00 -3.6623137e+00
    -7.1811247e-01]
   [-9.1145821e+00 -1.4521306e+01 -1.5652353e+01 -1.1253637e+01
    -6.3605571e+00]
   [-9.7093840e+00 -1.6516289e+01 -1.8660210e+01 -1.4884127e+01
    -8.7789793e+00]
   [-5.2434988e+00 -1.0063819e+01 -1.1343687e+01 -9.3433485e+00
    -5.9958839e+00]]]


 [[[ 1.3534595e+00  1.6426638e+00  1.8087157e+00  7.3857421e-01
    -1.8839883e+00]
   [ 2.3237698e+00  2.2292044e+00  1.2927639e+00 -1.1935587e+00
    -3.5154288e+00]
   [ 1.5463938e+00  1.0166850e+00 -8.1909078e-01 -3.0147235e+00
    -3.6537123e+00]
   [ 1.1455343e+00 -3.7888327e-01 -3.1195860e+00 -4.5796938e+00
    -3.3663754e+00]
   [-6.6859126e-01 -2.7839422e+00 -4.4842424e+00 -4.7113070e+00
    -2.3920655e+00]]]


 [[[ 9.0086502e-01  7.9502594e-01  6.2206745e-01  6.1971879e-01
     1.0276390e+00]
   [ 9.0135080e-01  6.9120938e-01  6.0652530e-01  6.0930151e-01
     1.0373651e+00]
   [ 5.0395972e-01  3.1217822e-01  1.6506016e-01  1.9240752e-01
     9.3496519e-01]
   [ 1.2635852e-01  3.5322085e-02  6.4432621e-03  3.7436932e-02
     7.9366678e-01]
   [ 3.2514334e-03 -2.0489097e-04  1.5519559e-03  7.7866763e-02
     8.3649713e-01]]]]
<NDArray 6x1x5x5 @gpu(0)>