
[[[[-2.40923309e+00 -5.91573524e+00 -8.47129059e+00 -7.85916376e+00
    -4.80454540e+00]
   [-4.57393646e+00 -7.26895857e+00 -8.68460655e+00 -7.51563168e+00
    -4.75234079e+00]
   [-3.43449855e+00 -4.26598501e+00 -4.16307831e+00 -3.60219979e+00
    -2.74550509e+00]
   [-6.84205711e-01 -8.27401519e-01 -2.02252790e-01  4.65258062e-01
     4.47931796e-01]
   [ 1.02895939e+00  9.21650171e-01  1.21961999e+00  2.30051923e+00
     2.63297820e+00]]]


 [[[ 3.11234426e+00  2.61311150e+00  3.51535350e-01 -2.65827155e+00
    -4.18962336e+00]
   [ 7.34570920e-01 -1.23069227e+00 -4.40015602e+00 -8.09150314e+00
    -8.37162685e+00]
   [-5.27165508e+00 -9.53529072e+00 -1.40356474e+01 -1.68157921e+01
    -1.31510124e+01]
   [-8.90159512e+00 -1.46371899e+01 -1.94158096e+01 -1.93862286e+01
    -1.31024218e+01]
   [-6.65822458e+00 -1.13694077e+01 -1.41257772e+01 -1.27168303e+01
    -8.27817822e+00]]]


 [[[-8.32398415e-01 -9.05662954e-01 -4.93454248e-01 -3.92003238e-01
    -9.14041996e-01]
   [ 3.57635856e-01  2.24513471e-01 -1.39657436e-02 -5.34049988e-01
    -8.25484276e-01]
   [ 6.03803575e-01  8.41427863e-01  3.20766777e-01 -2.76971251e-01
    -2.00763598e-01]
   [ 4.99052793e-01  7.49449253e-01  7.54324794e-01  4.25994307e-01
     4.81365204e-01]
   [ 4.40754831e-01  6.44398212e-01  8.56329858e-01  6.03345275e-01
     4.41480428e-01]]]


 [[[-4.08798313e+00 -4.46314621e+00 -2.53373861e+00  1.56197146e-01
     2.53327823e+00]
   [-7.04868793e+00 -9.27003479e+00 -7.52513790e+00 -3.66231513e+00
    -7.18113720e-01]
   [-9.11457729e+00 -1.45212984e+01 -1.56523485e+01 -1.12536430e+01
    -6.36055899e+00]
   [-9.70937252e+00 -1.65162773e+01 -1.86602077e+01 -1.48841410e+01
    -8.77898312e+00]
   [-5.24349689e+00 -1.00638065e+01 -1.13436852e+01 -9.34334469e+00
    -5.99587631e+00]]]


 [[[ 1.35346115e+00  1.64266157e+00  1.80870771e+00  7.38573492e-01
    -1.88398755e+00]
   [ 2.32376742e+00  2.22920442e+00  1.29276335e+00 -1.19355810e+00
    -3.51542926e+00]
   [ 1.54639256e+00  1.01668227e+00 -8.19086552e-01 -3.01472044e+00
    -3.65370584e+00]
   [ 1.14552295e+00 -3.78882736e-01 -3.11958790e+00 -4.57969093e+00
    -3.36637497e+00]
   [-6.68592751e-01 -2.78394032e+00 -4.48423910e+00 -4.71130514e+00
    -2.39206529e+00]]]


 [[[ 9.00863528e-01  7.95025826e-01  6.22067094e-01  6.19719625e-01
     1.02764106e+00]
   [ 9.01348889e-01  6.91208601e-01  6.06525183e-01  6.09301329e-01
     1.03736663e+00]
   [ 5.03959239e-01  3.12177449e-01  1.65061906e-01  1.92411020e-01
     9.34960902e-01]
   [ 1.26358390e-01  3.53248641e-02  6.44456362e-03  3.74388807e-02
     7.93667197e-01]
   [ 3.25125828e-03 -2.03499076e-04  1.55623700e-03  7.78709576e-02
     8.36496949e-01]]]]
<NDArray 6x1x5x5 @gpu(0)>