[
[[[[ 0.05703989  0.11169858  0.18669103  0.23331204  0.10861778]
   [ 0.19411956  0.11076162  0.21843536  0.07098851  0.09941423]
   [ 0.12082694  0.03425282  0.04834634 -0.00710705  0.168091  ]
   [-0.10127247  0.17853756 -0.05770303 -0.02576135  0.00285813]
   [ 0.11114594  0.10774422  0.01170782 -0.00776629  0.01806843]]]


 [[[-0.03810904  0.15232795  0.15421182 -0.0769307   0.02135811]
   [-0.10940903  0.09974154 -0.08235531  0.05213721  0.22788744]
   [ 0.21118702  0.19107026  0.01691484  0.28057262  0.27206528]
   [ 0.22847377  0.11427441  0.2580522   0.25984302  0.12757409]
   [ 0.06745631  0.20345435  0.19285418 -0.00474792  0.16895701]]]


 [[[-0.01106216  0.16369012  0.06456747  0.1360311  -0.15114126]
   [-0.12251599 -0.06920008  0.15027626 -0.11206253 -0.07471208]
   [-0.137403   -0.04495472 -0.11018648 -0.04047354 -0.05330226]
   [ 0.04533376 -0.04796234  0.11761864 -0.00288868  0.09555922]
   [-0.03826987 -0.07758411  0.03651238 -0.00736421 -0.10174019]]]


 [[[ 0.03013329  0.17680578 -0.04247718 -0.14006434  0.01354008]
   [ 0.13772784  0.22964798  0.0517334   0.03145564  0.05175582]
   [ 0.08509332  0.02340989  0.2785862   0.00352078  0.15044722]
   [ 0.20780602  0.2304939   0.30504164  0.19942687 -0.01063777]
   [-0.04178321  0.19104953  0.10820822  0.17299008  0.13401918]]]


 [[[-0.02124675 -0.11254064 -0.16674273  0.12801582  0.0270397 ]
   [ 0.1351412  -0.03809322 -0.01072026 -0.01354833 -0.0249866 ]
   [-0.05906388 -0.11947565 -0.0794703   0.09760561  0.08302453]
   [-0.12441679 -0.05140553  0.04039619 -0.01773161  0.09171727]
   [ 0.05959334  0.14344491  0.06634171  0.12066887 -0.0739788 ]]]


 [[[-0.01037817 -0.00071839  0.02347207 -0.10459349  0.05299008]
   [ 0.07211639 -0.08932187  0.10629441  0.00667769 -0.02501975]
   [-0.04517429  0.10002407 -0.11243076 -0.14450076  0.12728289]
   [-0.00118169 -0.06600292 -0.13922808 -0.07006919 -0.04125214]
   [-0.12332077 -0.1289841  -0.10193682 -0.12180203 -0.02076392]]]]
<NDArray 6x1x5x5 @gpu(0)>, 
[[[[ 2.49318406e-02  1.31757753e-02 -7.33630806e-02 -3.91196739e-03
     7.58207142e-02]
   [ 4.41852473e-02 -5.48294419e-03 -8.53143185e-02 -3.10875066e-02
    -1.49236731e-02]
   [-4.52307686e-02 -6.74765557e-02  3.62958387e-02  3.05612795e-02
    -1.85299702e-02]
   [-5.46669774e-02  7.59935146e-03 -7.61626363e-02 -9.70557705e-02
    -4.45261709e-02]
   [ 7.59582222e-03 -7.27337077e-02  6.00772444e-03 -6.54840544e-02
     3.98807134e-03]]

  [[-2.35694759e-02  6.55330569e-02  5.07343598e-02  1.48662152e-02
    -1.47135193e-02]
   [-2.56940108e-02  1.04815392e-02 -2.69683432e-02  5.44963740e-02
     2.20169537e-02]
   [-8.24241862e-02 -9.40925106e-02  7.10677579e-02  7.91089144e-03
     4.92633414e-03]
   [ 1.29384743e-02 -7.09094703e-02 -7.34352171e-02 -4.59114239e-02
    -9.00385454e-02]
   [ 4.34248857e-02 -3.47816609e-02  1.35750147e-02 -3.84762101e-02
    -4.51011844e-02]]

  [[ 1.13084307e-02 -8.21891278e-02 -1.27847651e-02  2.56313626e-02
     8.88549015e-02]
   [ 8.34908709e-02 -7.22572953e-02  2.42425185e-02 -5.16961031e-02
     2.44161878e-02]
   [-5.99630512e-02  9.03587267e-02  2.24363189e-02  1.20650195e-02
     6.94422796e-02]
   [ 6.14307113e-02 -7.24908710e-02  5.92695735e-02 -8.63756612e-02
    -4.18210290e-02]
   [-5.96234314e-02 -8.06720257e-02  6.70223534e-02  2.71663181e-02
    -7.50174746e-02]]

  [[ 1.51994880e-02 -2.97906119e-02  9.04098339e-03  6.67596534e-02
    -2.09008064e-02]
   [ 9.78494156e-03 -5.76382540e-02  1.80869456e-02 -5.63224591e-02
    -4.33500856e-02]
   [-7.11496398e-02  2.95819789e-02  3.48147154e-02  3.30325067e-02
    -3.43939178e-02]
   [-1.00397840e-01 -9.17385370e-02  2.93977223e-02 -8.21984746e-03
     6.47032037e-02]
   [ 2.30308119e-02  4.15522084e-02 -4.30728123e-02 -5.38494103e-02
    -2.53026020e-02]]

  [[ 4.90063876e-02 -5.42448126e-02 -7.51920268e-02 -7.74661750e-02
    -9.57024284e-03]
   [-9.86783858e-03  7.02351257e-02 -7.30663016e-02 -3.72846685e-02
     6.80539683e-02]
   [-4.15174291e-02 -7.48826712e-02 -6.72240332e-02  2.92891869e-03
    -8.88808370e-02]
   [-7.53769651e-02  2.97728740e-02  7.42631853e-02 -5.22473976e-02
     7.55725726e-02]
   [-4.25128713e-02 -3.73947099e-02 -5.92700439e-03  1.33628882e-02
    -8.02369267e-02]]

  [[ 1.08694229e-02  1.30206347e-02  2.11366042e-02  1.89387891e-02
     1.14829903e-02]
   [-5.16312197e-02 -5.16280010e-02 -7.10526854e-02  4.86620069e-02
    -5.10875322e-02]
   [ 1.36384582e-02 -2.89258175e-02 -6.05834909e-02 -4.46161861e-03
    -2.43441463e-02]
   [-5.46634980e-02 -7.06988154e-03  2.38572787e-02  2.83647589e-02
    -2.61469721e-03]
   [ 5.19062467e-02 -1.49325584e-04  2.80016381e-02 -2.14911662e-02
     1.96513571e-02]]]


 [[[ 5.01622185e-02  9.20187235e-02  2.16695890e-02 -5.86470291e-02
    -5.41768819e-02]
   [-6.12080209e-02  5.62445447e-02  8.73723328e-02  1.05545804e-01
     1.82283521e-02]
   [ 2.68839970e-02 -1.23493383e-02  9.59269032e-02  1.02831297e-01
    -2.21767537e-02]
   [ 1.71300061e-02  5.23635335e-02 -4.15537991e-02 -2.70838384e-02
     4.02939804e-02]
   [ 4.34326157e-02  4.40103374e-03  3.85156013e-02 -2.96274144e-02
    -1.17599862e-02]]

  [[-3.81288528e-02  1.07183188e-01  8.83133858e-02  4.56551649e-02
     8.71913061e-02]
   [-3.46885957e-02  1.34053499e-01  9.99143720e-03  7.85124749e-02
     7.53201693e-02]
   [ 7.40984380e-02  3.46930660e-02 -4.54391167e-02 -1.04771137e-01
     3.29167433e-02]
   [ 1.90682318e-02  2.65157223e-02 -2.70732708e-05 -1.04910567e-01
     2.77110916e-02]
   [ 9.10823196e-02 -2.95510460e-02 -1.05108723e-01 -3.49167660e-02
    -8.55156407e-03]]

  [[ 7.06387460e-02 -1.12474486e-02  6.90838248e-02 -8.42962787e-02
    -6.61957487e-02]
   [-8.25221688e-02 -5.53740971e-02 -4.65026386e-02 -8.02157149e-02
    -7.09469393e-02]
   [-1.29508600e-02  2.65429653e-02 -8.65273476e-02 -6.38454184e-02
    -5.85732562e-03]
   [-7.14777131e-03  2.45037396e-02 -4.98127379e-02 -3.92498448e-02
    -2.35677268e-02]
   [ 3.55841182e-02 -1.99066894e-03  1.63166728e-02  7.30252042e-02
    -8.65524113e-02]]

  [[ 5.30973412e-02  2.88461596e-02  1.05007134e-01 -1.60067473e-02
     8.99374019e-03]
   [ 2.22910363e-02  4.46227007e-02 -2.14155409e-02 -2.49161981e-02
     5.01786508e-02]
   [ 8.03599432e-02  3.09828036e-02 -4.53290120e-02 -8.00106600e-02
    -1.22107584e-02]
   [ 7.37381577e-02  9.04611424e-02  5.66034392e-02  3.15416083e-02
    -5.03807962e-02]
   [-1.76463965e-02 -3.11370902e-02  5.35503402e-02 -5.07346205e-02
     1.97884738e-02]]

  [[ 8.42428803e-02 -7.72678480e-02  1.00562498e-01 -5.79355434e-02
     3.44379954e-02]
   [-1.92391202e-02  9.50335190e-02  7.82046244e-02  7.68571906e-03
    -6.24987744e-02]
   [ 9.67033580e-02  6.40687272e-02  3.71914469e-02  1.85552090e-02
     3.26573141e-02]
   [ 1.74209662e-02 -5.88684380e-02 -6.52757660e-02  8.54242370e-02
    -5.15195280e-02]
   [-9.50438604e-02  2.53257211e-02 -5.35851642e-02  6.37969673e-02
    -1.05456458e-02]]

  [[ 2.24493816e-02  5.07513732e-02 -8.88716206e-02 -5.38827740e-02
     1.37193939e-02]
   [ 6.31700531e-02 -2.56311968e-02  8.75119194e-02  1.99183691e-02
    -5.94778247e-02]
   [-2.12273207e-02  1.67228971e-02  5.60726859e-02 -8.64275172e-02
     2.17683353e-02]
   [-2.03106143e-02 -4.16086540e-02 -8.26105922e-02  2.77368724e-02
     8.41573104e-02]
   [ 5.78919798e-02 -1.13589028e-02 -8.60685036e-02  8.18632394e-02
    -8.11867192e-02]]]


 [[[ 4.34286557e-02  6.47390932e-02  5.21600582e-02  4.11051465e-03
    -1.51094412e-02]
   [-1.26538705e-02 -9.15429667e-02 -8.82390216e-02  4.60176840e-02
    -6.82420377e-03]
   [-6.26994446e-02  5.75961135e-02  4.35534082e-02  1.02448195e-01
     3.19262706e-02]
   [ 7.15333000e-02  5.49884164e-04  8.25732648e-02  1.28254592e-01
     1.03708751e-01]
   [-6.03868961e-02 -9.16084498e-02  8.40494111e-02  1.02454059e-01
    -2.95683760e-02]]

  [[-3.30104008e-02  5.30000143e-02  8.51627141e-02  3.79485153e-02
    -1.10416664e-02]
   [ 1.19940685e-02 -2.84632146e-02  6.70950040e-02  3.16402875e-02
     6.27306625e-02]
   [-1.31955948e-02 -4.62951735e-02  1.20099910e-01  9.74660832e-03
     1.03957199e-01]
   [-9.63818356e-02  1.77638941e-02  7.43852332e-02  1.01971544e-01
     1.13156931e-02]
   [-5.99116012e-02 -5.58384843e-02  7.40199462e-02  1.03478789e-01
    -5.66733852e-02]]

  [[-4.25365716e-02 -5.66750392e-02 -1.44778388e-02 -6.47939593e-02
    -3.33827212e-02]
   [ 6.99939132e-02  1.90888308e-02  3.55509296e-03  2.08498482e-02
    -1.90209030e-04]
   [ 2.13769116e-02  3.54498960e-02 -4.31859270e-02 -7.95392618e-02
    -4.06527184e-02]
   [-7.10679591e-02 -5.07306717e-02  5.99910803e-02 -2.09055822e-02
     6.14891164e-02]
   [-6.24290742e-02  6.78662583e-02 -6.03670925e-02  9.04062241e-02
     8.26548487e-02]]

  [[ 6.52734470e-03  5.47819622e-02 -8.12544748e-02 -2.49803439e-02
     1.39690831e-01]
   [-8.67326483e-02 -2.46975925e-02 -4.69329283e-02  8.36612433e-02
     1.20233797e-01]
   [ 8.02472383e-02 -5.20418137e-02 -4.09509502e-02  1.19021915e-01
    -3.51778194e-02]
   [-9.57991704e-02 -4.23225313e-02 -6.23789690e-02  1.30372897e-01
     4.75337803e-02]
   [-8.33464637e-02 -1.22158567e-03  2.34507378e-02  1.53327901e-02
     2.97598857e-02]]

  [[-3.17975059e-02 -4.34025982e-03  2.79855318e-02  7.20124394e-02
    -2.23492226e-03]
   [ 4.37062718e-02  4.09101099e-02 -1.11655453e-02  1.60471909e-02
    -3.88503745e-02]
   [ 8.93442892e-03 -6.48756847e-02  4.05659117e-02  5.27733527e-02
     8.90113339e-02]
   [ 6.68589845e-02  5.96124344e-02  1.59252938e-02 -9.47340485e-03
     2.59207711e-02]
   [ 6.32239878e-02  6.25455752e-02  8.13767985e-02 -9.77583230e-03
    -8.22296366e-02]]

  [[ 2.87397951e-02  4.01590914e-02 -6.22883104e-02  5.41403890e-02
    -2.56761480e-02]
   [ 4.08614278e-02  2.23517139e-02  3.79068404e-02 -1.18030217e-02
     7.67529663e-03]
   [ 1.11307520e-02 -6.54496476e-02 -7.41135478e-02  8.21367800e-02
    -4.96319681e-02]
   [-1.94577221e-02 -4.86170314e-02 -5.06785139e-02  5.88380992e-02
     3.93304005e-02]
   [-9.82474070e-03  8.95470232e-02  9.03320499e-03 -7.78936669e-02
    -4.93396819e-02]]]


 ...


 [[[-7.52351731e-02 -5.17269783e-02 -5.42444922e-02 -2.62691695e-02
     1.02382585e-01]
   [ 1.37156923e-04 -4.90253270e-02 -7.33100399e-02 -2.97188982e-02
     7.18693063e-02]
   [ 2.32279710e-02  9.22313854e-02  5.52804284e-02 -7.63101503e-02
     3.09750494e-02]
   [-5.68813272e-02 -7.45163932e-02 -2.56111156e-02  7.30908737e-02
     3.94011755e-03]
   [-3.32139656e-02  8.00732598e-02 -5.80192264e-03  5.77727146e-02
    -3.06621902e-02]]

  [[ 8.61168578e-02 -8.77632424e-02  6.00034185e-02  1.30961891e-02
    -2.08148137e-02]
   [ 6.06397875e-02 -1.29516944e-02 -1.31457089e-03  3.92505564e-02
    -3.84096205e-02]
   [-8.05305764e-02  9.34281796e-02 -2.99408957e-02  5.33165075e-02
     2.26048194e-02]
   [ 9.65896770e-02  1.96573362e-02 -8.61174911e-02 -5.49164079e-02
    -7.82986507e-02]
   [-3.90837453e-02  5.88066764e-02  4.71023954e-02 -1.04975894e-01
     7.40065873e-02]]

  [[-7.64930770e-02  5.97987995e-02  6.91645127e-03 -7.09219500e-02
    -7.51102790e-02]
   [ 6.16771765e-02 -1.99571587e-02  1.46739325e-02  3.30954678e-02
    -4.65173312e-02]
   [-1.24391308e-02 -6.46440759e-02 -8.05727765e-02  4.36743163e-02
    -5.34994006e-02]
   [ 8.93021822e-02 -9.86559130e-03 -6.36494383e-02 -7.40648434e-02
    -4.35419828e-02]
   [-3.54008935e-02  4.76809172e-03  8.15610662e-02 -5.17672021e-03
    -3.43387574e-02]]

  [[-8.49010423e-02 -4.17100862e-02  3.14300284e-02 -7.43776746e-03
    -9.28600144e-04]
   [ 5.91010749e-02 -3.85902300e-02  1.40301548e-02  6.50570765e-02
    -3.81444544e-02]
   [-1.88804660e-02 -3.03247850e-02 -9.22555700e-02  9.00335908e-02
     8.56406912e-02]
   [-5.27112782e-02  5.18936254e-02 -8.04019049e-02 -5.09703346e-03
     3.19250226e-02]
   [-1.42058264e-02 -3.19234580e-02 -2.60400325e-02  4.29934822e-02
    -8.35601613e-02]]

  [[-2.43752617e-02 -1.37165422e-02  1.64266005e-02 -2.26767752e-02
     8.28077570e-02]
   [ 4.66134660e-02  4.56392430e-02  4.87860516e-02  5.89233302e-02
    -2.30628885e-02]
   [-6.98385537e-02 -1.91377394e-03  8.02864134e-02 -4.34221737e-02
     2.11183112e-02]
   [ 5.49726747e-02  2.03339513e-02  5.40462025e-02 -7.31941536e-02
    -8.21480975e-02]
   [-2.37929877e-02 -3.54521200e-02  2.92969141e-02  7.56026432e-02
    -7.09504681e-03]]

  [[ 6.29783571e-02  8.98153894e-03  3.75363678e-02  3.59283425e-02
     4.69626598e-02]
   [ 1.61862988e-02 -6.38706163e-02 -8.10342282e-02  3.70388175e-03
     1.09874066e-02]
   [-2.38887724e-02  4.94998656e-02  9.16676819e-02  7.51840994e-02
    -1.36061898e-02]
   [-7.39031881e-02  8.67175609e-02  7.52765611e-02 -6.58062007e-03
    -6.59467746e-03]
   [-2.29729731e-02 -8.08921643e-03 -8.92417282e-02  8.97121280e-02
    -5.77387176e-02]]]


 [[[-7.41087571e-02  5.51572964e-02  4.32509147e-02 -5.52030057e-02
    -6.43717796e-02]
   [ 2.74497829e-02  5.63483685e-02  5.09347767e-02 -8.02428946e-02
     6.45654202e-02]
   [-5.88312093e-03 -3.72507353e-03 -3.49711552e-02  3.55606116e-02
    -2.54854541e-02]
   [ 2.63786651e-02 -5.22786891e-03  9.07540172e-02 -3.97619866e-02
    -7.19147548e-02]
   [ 6.05541654e-02  6.12235107e-02 -3.76110412e-02  3.84710357e-02
    -6.71243444e-02]]

  [[ 4.86947224e-02  8.33946690e-02  7.29734972e-02  3.19134854e-02
    -1.02218911e-01]
   [-2.06391755e-02  6.69071376e-02  8.81348327e-02 -6.00338206e-02
    -4.81854305e-02]
   [ 8.50423500e-02 -6.20758459e-02  1.08180232e-02 -1.59231406e-02
    -6.82205707e-02]
   [-5.58630340e-02  5.80229424e-02  1.20407484e-01  1.17656723e-01
     9.53572616e-02]
   [-8.13016444e-02  7.48241693e-03 -4.01892141e-02 -5.72131388e-03
     7.15783972e-04]]

  [[-1.08298780e-02  5.54375313e-02  3.81823704e-02  5.21460995e-02
    -4.75325398e-02]
   [-5.63944802e-02  1.75491776e-02 -4.40020077e-02 -6.22935258e-02
    -1.69501733e-02]
   [-5.56918532e-02  7.57119479e-03 -7.66527355e-02 -6.55012801e-02
     8.01877230e-02]
   [-7.01567605e-02 -7.75294080e-02  7.52204508e-02  1.65723376e-02
     2.58554649e-02]
   [ 3.82041633e-02 -3.31846327e-02  8.31731260e-02  2.65825633e-02
     5.63780926e-02]]

  [[ 6.94183633e-02 -8.41018558e-02 -4.83593792e-02  5.22134826e-02
    -2.64165513e-02]
   [-8.38080123e-02 -6.52635098e-03  2.98136566e-02 -1.28501318e-02
    -1.09937899e-01]
   [-7.73979872e-02  1.00251585e-01  6.92199916e-02  4.32050973e-03
    -2.77776122e-02]
   [-4.61939313e-02  4.80889110e-04 -1.50320670e-02  9.79873836e-02
     6.89324550e-03]
   [ 3.43039744e-02 -8.52923542e-02  6.44422174e-02  4.72244769e-02
     8.64728540e-02]]

  [[ 6.24574758e-02  6.61218762e-02  2.09238529e-02 -2.51902360e-02
     4.95301597e-02]
   [-2.35181730e-02  6.24527223e-02  7.89547190e-02 -4.47792001e-02
     5.35838343e-02]
   [ 6.11485988e-02 -1.06866648e-02 -4.17651944e-02 -1.71206798e-02
    -6.04018271e-02]
   [-1.12621877e-02  3.97407487e-02 -3.61844823e-02 -5.28148841e-03
     6.40271828e-02]
   [ 1.20144477e-02 -3.10977474e-02 -2.47446094e-02 -2.18416061e-02
     7.44188428e-02]]

  [[-1.40718482e-02 -7.51765221e-02  8.94177556e-02  7.51313046e-02
     3.66364755e-02]
   [-6.28365353e-02 -8.82482752e-02 -1.07165761e-02  7.36208912e-03
    -5.06886579e-02]
   [-5.26905693e-02 -5.90080880e-02  6.42575771e-02  2.32038647e-03
     6.73160180e-02]
   [-6.58199564e-03 -8.69116466e-03 -3.51463445e-02  3.12452931e-02
    -4.86630686e-02]
   [-4.53454889e-02 -3.98395807e-02 -8.44704509e-02  5.83284982e-02
     3.62452082e-02]]]


 [[[-6.95837811e-02  2.78532109e-03  2.36882102e-02  2.46821400e-02
    -4.32025306e-02]
   [-4.07154448e-02  3.66644822e-02  7.25775212e-02  3.82765010e-02
     8.50057676e-02]
   [ 6.06655963e-02  5.53346351e-02 -8.16361830e-02 -5.51604740e-02
     7.03866631e-02]
   [ 9.05732960e-02 -5.02163507e-02  7.38668963e-02 -2.84100771e-02
     4.81451415e-02]
   [ 8.17125365e-02 -2.90669445e-02 -5.77575229e-02  9.99759883e-02
     1.00748330e-01]]

  [[-8.29366595e-02  5.49685508e-02 -1.75030306e-02 -4.40315492e-02
     2.87377946e-02]
   [-5.25870547e-02  1.45399021e-02  5.65072009e-03  5.58323078e-02
    -2.05050409e-02]
   [ 4.78821471e-02 -7.75080398e-02  2.99953017e-02 -1.29690673e-02
     1.43979210e-02]
   [-1.01010114e-01  3.98633331e-02  4.04364690e-02 -2.54615769e-02
     8.20764601e-02]
   [ 7.45111704e-02 -1.19051337e-02 -4.66712862e-02 -1.01689823e-01
    -3.08811106e-02]]

  [[ 5.62531129e-02 -5.36817275e-02  2.83823023e-03  1.63052771e-02
     4.23490442e-02]
   [-7.52975419e-02  1.38265807e-02  4.15260866e-02  8.48615468e-02
     5.70523851e-02]
   [-6.44783676e-02  6.27305582e-02  5.53572029e-02 -7.02491477e-02
    -2.69245394e-02]
   [ 7.79921189e-02 -5.84154427e-02 -2.77680065e-03 -4.42204736e-02
    -1.92835350e-02]
   [ 2.28159539e-02  5.09169884e-02 -8.37258473e-02  7.40499198e-02
     8.34707916e-02]]

  [[ 4.69375066e-02  7.41869882e-02 -7.10629895e-02  1.47752035e-02
     1.16514415e-02]
   [-4.79839891e-02  4.81203310e-02 -4.51615229e-02 -4.14984580e-03
    -8.78536701e-02]
   [ 5.19534796e-02 -5.30201234e-02  3.48119885e-02 -1.74796977e-03
     3.62108015e-02]
   [-2.29504202e-02 -1.38488971e-02 -5.42181507e-02  6.28290027e-02
     5.35811530e-03]
   [-7.77335688e-02 -7.23811164e-02 -8.64258688e-03  3.12381051e-03
    -6.32490665e-02]]

  [[-8.02140031e-03  1.86690968e-02  1.60649326e-02  3.27867679e-02
    -3.74201648e-02]
   [-1.66328531e-02 -5.06381989e-02 -8.70776996e-02 -5.41136488e-02
    -3.59882638e-02]
   [-6.20638095e-02 -3.37469168e-02 -8.51040483e-02 -3.10812797e-02
     2.60832496e-02]
   [-1.31803676e-02  5.03723789e-03  5.66904843e-02  7.35896304e-02
    -6.88474253e-02]
   [-1.00114942e-02  3.76877445e-03 -6.06979616e-02  3.89346890e-02
     1.10157039e-02]]

  [[-3.41847874e-02  2.21140571e-02  6.43305257e-02  3.39901149e-02
    -7.79349506e-02]
   [-7.23350346e-02  2.29982398e-02  4.42006998e-02  2.37523895e-02
    -3.98032479e-02]
   [-6.62608072e-02  4.73888479e-02 -3.41439918e-02  5.25218733e-02
     1.26624797e-02]
   [ 2.30915938e-02  1.42587740e-02 -9.92694404e-03 -8.89592320e-02
     8.38390738e-02]
   [ 1.76522378e-02  7.06966445e-02  3.66783440e-02 -5.41186109e-02
    -1.68740023e-02]]]]
<NDArray 16x6x5x5 @gpu(0)>, 
[[-0.05320885 -0.0175491  -0.0096627  ...  0.01303645  0.01944383
   0.07456964]
 [ 0.00493286 -0.05506105 -0.08795064 ... -0.07820173 -0.04382988
   0.03058735]
 [-0.02602551  0.01599421  0.05866193 ...  0.04823864 -0.03185169
  -0.02720565]
 ...
 [-0.08672799 -0.10893098  0.00840845 ... -0.07542443 -0.0114329
  -0.09932538]
 [ 0.03073657  0.04204975  0.06765463 ... -0.10930051 -0.04873344
   0.04149774]
 [ 0.04114148  0.09181798 -0.03346574 ... -0.03031796 -0.09382939
   0.02837795]]
<NDArray 120x256 @gpu(0)>, 
[[ 0.13247295 -0.07911935 -0.04338324 ...  0.00144754  0.07533595
  -0.09217726]
 [ 0.1252472  -0.14956708  0.07346935 ...  0.01021927 -0.06997832
  -0.02518716]
 [ 0.12770826  0.09555192  0.1073512  ...  0.14876005 -0.0455753
  -0.0416712 ]
 ...
 [ 0.16333774 -0.05155307 -0.07790794 ... -0.04933547 -0.06684479
   0.02834147]
 [ 0.12752056 -0.02079981  0.12267479 ...  0.08071344 -0.1003351
  -0.00267237]
 [-0.14106588  0.10191055  0.02266649 ... -0.03600352  0.08269811
   0.02193079]]
<NDArray 84x120 @gpu(0)>, 
[[ 2.04746965e-02 -1.51324449e-02  1.98741138e-01 -1.24452628e-01
   5.54911979e-02 -4.59026732e-02 -2.88154054e-02  4.78600450e-02
  -1.32701090e-02 -1.67979597e-04 -2.27507442e-01  1.48894042e-02
  -1.09768584e-01  1.08819835e-01  5.35614789e-02 -1.19006850e-01
  -9.16566253e-02 -5.08876294e-02  7.02865645e-02  1.48673207e-01
  -2.44153123e-02  1.86888799e-01 -1.73371166e-01 -1.97910935e-01
  -8.81112218e-02 -1.84995934e-01  1.01423807e-01 -7.79655278e-02
   4.61440906e-02  3.48986983e-02  3.40804569e-02 -1.86683103e-01
   8.17361921e-02  2.04733908e-01  6.30523041e-02 -7.81432167e-02
  -3.00984550e-02 -1.21702693e-01  1.73140749e-01 -2.14023948e-01
  -3.79217826e-02 -1.75844967e-01 -1.22074364e-02  2.11342856e-01
   2.08290473e-01 -1.25960201e-01  1.83196902e-01  1.61768179e-02
   6.02885969e-02 -1.80129241e-02 -1.75916001e-01 -1.82259038e-01
   1.83153778e-01 -4.63520624e-02  1.16554581e-01 -1.32462960e-02
   2.17807069e-01  1.39598399e-01 -1.33339539e-01  1.98803037e-01
  -2.07360595e-01 -1.71132118e-01 -2.40533248e-01  1.49326660e-02
  -9.06010866e-02 -2.33422890e-01  1.57262191e-01 -9.22503322e-02
   1.83731839e-02 -1.18322827e-01  6.56146854e-02  2.03140542e-01
   1.75064161e-01 -1.37010723e-01 -1.63339585e-01 -9.15577114e-02
  -7.33724385e-02 -2.03171641e-01  2.99516413e-02  2.93826610e-02
   2.05035582e-01 -6.59915805e-02  3.31445895e-02 -6.03675321e-02]
 [-2.18733132e-01  1.48384660e-01  1.68921605e-01 -9.62951183e-02
  -1.23574227e-01  9.49176550e-02  1.32204160e-01  4.02729586e-02
  -2.95550134e-02 -2.57033631e-02  1.48268089e-01  9.30625275e-02
   1.31302029e-01 -3.01440898e-02  1.45153264e-02 -4.09092801e-03
  -1.58731446e-01 -6.02985993e-02 -2.03916505e-01 -1.54347047e-01
  -1.66360170e-01  1.95569932e-01 -2.14339003e-01  2.33597621e-01
  -1.71007976e-01  1.30982906e-01 -1.40726656e-01  4.64628227e-02
   9.80566740e-02 -2.06937775e-01  4.32511233e-02  1.08222522e-01
  -2.65668660e-01 -1.61679894e-01 -2.43084908e-01 -8.97971317e-02
   8.70537534e-02 -9.71748158e-02 -1.10984303e-01  2.09929273e-01
  -1.61794305e-01 -1.58307552e-02 -1.80144295e-01  1.53819203e-01
  -1.11542709e-01 -7.92620555e-02 -2.42828295e-01 -2.18257859e-01
   6.34203255e-02 -1.78253189e-01 -8.46785009e-02 -1.50967002e-01
  -1.36540383e-01  1.21994196e-02 -1.95691109e-01  1.65895581e-01
  -9.44170505e-02  1.08063243e-01 -1.33714706e-01  9.21730325e-03
  -9.28892568e-02 -9.87833217e-02  3.31573896e-02 -2.07319990e-01
   2.96927132e-02  2.07690269e-01  1.50917709e-01 -9.80486497e-02
   2.10823700e-01 -1.55360982e-01 -2.20673501e-01  2.29318300e-03
  -1.33315921e-01 -4.74085920e-02  6.65816218e-02 -1.49637148e-01
  -1.62834182e-01 -1.23650797e-01  2.29180306e-01  1.45820618e-01
  -1.23388164e-01  1.07226990e-01  1.11381270e-01 -1.95824042e-01]
 [ 1.08302757e-01  7.89972022e-02  1.86021879e-01 -8.36165994e-02
  -2.30804250e-01  1.36567146e-01 -1.21620007e-01  2.37185024e-02
   1.21762656e-01 -2.32194692e-01 -2.08663329e-01 -1.86320499e-01
   1.07777201e-01 -8.09453428e-02 -7.35359043e-02  1.76001474e-01
   2.30730772e-02  1.98125858e-02 -1.73829138e-01  2.04449952e-01
  -1.35894477e-01 -8.00517052e-02  7.72404969e-02 -1.60898134e-01
   1.24364637e-01  1.99695721e-01  2.87064552e-01  1.00008160e-01
   1.68160230e-01 -1.25666216e-01  4.81223501e-03 -2.79558431e-02
  -1.73519596e-01  1.08506810e-03  1.63794532e-02 -1.43064886e-01
   1.86783060e-01 -8.80198926e-02  1.25580296e-01 -1.16226643e-01
   2.82766577e-02  1.68928012e-01 -2.66570132e-02  1.42111804e-03
  -1.21544048e-01  5.46183474e-02 -1.47883549e-01 -6.88042715e-02
  -1.84409454e-01  4.67713475e-02  1.70283958e-01 -1.74497649e-01
   6.12025894e-02 -1.60642818e-01 -1.58635974e-01  2.18281582e-01
  -3.74941826e-02 -6.35076165e-02 -1.93073183e-01 -9.64316651e-02
  -1.27408892e-01 -9.77223068e-02  1.32944375e-01 -1.09608784e-01
   8.12699199e-02  1.71074197e-01 -9.63295531e-03  1.46375731e-01
  -1.01350874e-01 -1.54971153e-01  7.57224560e-02  2.15398237e-01
  -1.71021577e-02 -1.07998446e-01 -4.62692454e-02  1.79057494e-01
   8.45267251e-02  3.36256549e-02 -3.98256816e-06 -5.47177121e-02
  -1.04386516e-01 -1.42732471e-01 -3.20423879e-02 -1.67378977e-01]
 [-4.61032130e-02 -1.87926695e-01  1.69565588e-01 -1.37506068e-01
   2.11942151e-01 -2.17033088e-01  5.07005304e-02  1.68142110e-01
  -1.77694961e-01  1.88014910e-01  1.01052299e-01 -2.21457053e-02
   8.05419013e-02  1.02815121e-01  1.28811523e-01  4.19631484e-04
  -6.66060299e-02 -2.16601431e-01 -2.18822896e-01 -3.11751552e-02
   4.73631993e-02 -1.41511232e-01 -1.76707000e-01 -1.25102162e-01
   1.13271952e-01  1.01158403e-01  1.08935662e-01  1.18191592e-01
  -4.27229144e-02  1.82460636e-01  1.90824836e-01  1.77367151e-01
  -1.78999737e-01 -1.78815454e-01  1.78916305e-01 -1.32963017e-01
  -1.50959343e-02  2.68384516e-02  1.14828661e-01 -2.46822223e-01
   7.67157599e-02 -1.17932811e-01  1.99127659e-01 -2.02216327e-01
   2.20517799e-01 -1.77138358e-01 -2.23139927e-01  7.08631203e-02
   1.42303377e-01  3.70496348e-03 -2.03822896e-01 -1.69832855e-02
   3.17025334e-02 -2.22346380e-01 -3.60633135e-02 -1.10772267e-01
   2.11820990e-01  8.94883797e-02  1.14225172e-01  4.94479910e-02
  -1.95329502e-01  1.07786305e-01 -1.44822583e-01  2.11126193e-01
  -2.92914305e-02  1.42290816e-02  9.11363736e-02  2.78383493e-03
  -7.87834227e-02 -1.21057086e-01 -7.69059956e-02  3.81670259e-02
   1.60809517e-01  1.23341277e-01  1.97583690e-01  1.40905678e-01
  -3.27538028e-02 -1.24688089e-01  1.84639245e-01  1.53938502e-01
  -7.41150826e-02 -1.63965732e-01 -2.05606043e-01  1.12112947e-01]
 [-8.53488338e-04  1.96746767e-01  2.16936339e-02  1.02001950e-01
   1.53720170e-01 -1.62401021e-01  2.07636565e-01 -1.68837622e-01
   1.36060670e-01  3.51162925e-02  1.13848105e-01  2.33873129e-01
   8.19562450e-02  1.72108740e-01  1.02698602e-01 -1.06124736e-01
   1.16722599e-01  4.22307551e-02  2.16334864e-01 -8.92129913e-02
  -5.61550371e-02 -4.87913191e-02 -1.62017271e-01  7.62778223e-02
   1.58467248e-01 -2.28289329e-02 -1.87288923e-03  7.23387450e-02
   3.46730556e-03 -8.08152333e-02 -8.90162289e-02 -2.53056049e-01
   1.71402365e-01  8.81834254e-02 -5.86282611e-02  1.29580662e-01
  -1.63448051e-01 -1.64718926e-01  2.74115801e-02  1.81298137e-01
  -8.58969018e-02  1.77735731e-01  1.22155286e-01 -1.31893843e-01
  -1.83916181e-01 -2.01572418e-01  1.32573828e-01  1.60571158e-01
   3.95479463e-02  1.36208326e-01 -2.06173375e-01 -7.64836892e-02
   2.67521851e-02 -2.15038687e-01  7.12635070e-02  1.13275841e-01
   1.91413090e-01  9.34166759e-02  1.33921564e-01  2.45396420e-02
   1.08773746e-01  1.78612038e-01  2.01188098e-03  7.55772963e-02
  -2.11494118e-01 -8.81154165e-02  1.37349829e-01 -2.18329281e-02
  -2.15345949e-01  2.14885652e-01  2.05932893e-02 -1.08588360e-01
   3.46439965e-02  1.78355843e-01 -1.69887990e-01 -7.53384233e-02
  -2.23838240e-01 -8.62609819e-02 -2.41012834e-02  8.84979963e-02
  -6.33744895e-03 -6.88571930e-02 -7.51365051e-02 -1.97738439e-01]
 [ 1.45180419e-01 -4.48482484e-02  1.04086086e-01  1.47621214e-01
  -1.54627860e-01  1.25192478e-01  7.16883540e-02  5.62089533e-02
  -1.90629855e-01  7.62138888e-03 -5.43986484e-02 -7.95604195e-04
   1.38177365e-01 -5.46322437e-03 -3.28086801e-02  2.04311371e-01
   4.35985774e-02  1.03824854e-01  1.18590608e-01 -1.92233026e-01
   1.40235960e-01  1.22652128e-01  1.19917728e-01  5.79880783e-03
  -2.15230018e-01 -1.42115504e-01 -2.28665192e-02 -5.49510941e-02
  -2.39773039e-02  1.95605636e-01 -1.84771627e-01 -1.02639407e-01
   2.61564516e-02  1.36818483e-01  5.30203842e-02 -4.20794971e-02
   1.43466964e-01  3.78642231e-02  1.92903414e-01 -1.37943164e-01
  -1.78153738e-01  1.36366710e-01 -1.19838379e-01  3.52994539e-02
   7.54932836e-02 -2.99328156e-02 -1.46724790e-01  1.30147442e-01
  -1.22071341e-01  2.16407068e-02  3.96607630e-02 -2.60832291e-02
  -1.44294456e-01 -2.05583215e-01  1.33965462e-01  8.02352205e-02
   1.55863017e-01 -1.11388480e-02 -1.98303327e-01 -1.21509552e-01
  -1.58359021e-01  1.85572937e-01  7.31393471e-02 -3.72565612e-02
  -2.07816109e-01 -1.83692455e-01  1.26421258e-01 -1.74766570e-01
  -6.30550610e-04  1.82764187e-01  2.22446322e-01 -8.81893188e-02
   2.19518021e-01  1.97430789e-01 -1.19563699e-01 -7.17405006e-02
   1.68147624e-01 -5.13828956e-02  1.35183036e-01  1.79493219e-01
  -1.15209401e-01  6.85882643e-02  7.95259476e-02  1.19506598e-01]
 [ 2.30144665e-01  7.09693804e-02  4.25967947e-02  1.96926594e-01
  -2.14532644e-01 -4.97017242e-02 -3.10600793e-04 -1.50766507e-01
  -4.61159945e-02 -1.40068531e-01 -2.40006641e-01 -1.51998118e-01
   2.06708208e-01  9.92567092e-02  1.59854189e-01 -6.04166510e-03
  -1.23471677e-01 -2.59068478e-02  3.78466323e-02  1.13983594e-01
  -1.44943204e-02  1.04750516e-02 -8.77012163e-02  5.02127409e-02
   1.27460491e-02 -4.68519740e-02  3.25046256e-02  4.51420248e-02
   1.44877836e-01 -1.68385133e-01 -2.10608378e-01 -4.82220203e-02
   2.55477149e-02 -2.10763304e-03 -1.33130942e-02 -3.59100997e-02
  -8.94286204e-05  1.46922097e-01 -1.81833863e-01 -6.46948293e-02
   1.47930682e-01  4.03266996e-02  1.00514404e-01 -2.15130016e-01
  -1.46784127e-01  1.19168326e-01 -1.86413974e-01  1.91837206e-01
   1.58057630e-01 -1.50028750e-01 -1.02694798e-03  2.15892017e-01
  -1.60005659e-01  1.98847935e-01 -1.77314401e-01 -1.88281566e-01
   1.49167612e-01  1.29099727e-01  3.05341389e-02 -2.51687970e-02
  -1.04918607e-01  1.13723978e-01  3.44521105e-02  9.69585180e-02
  -1.00828163e-01  9.99554992e-02  1.25297442e-01 -5.93831986e-02
  -7.20556173e-03  1.83053970e-01  1.91396728e-01  1.86565090e-02
  -7.07552070e-03 -2.39581272e-01  1.74440935e-01  1.65569171e-01
  -1.19130246e-01 -1.84325676e-03 -3.41218524e-02 -2.12118044e-01
   2.50869989e-03  1.27782242e-03  1.44854859e-01  1.52287006e-01]
 [-2.16255873e-01 -2.01376706e-01  1.41061813e-01  1.15209252e-01
   1.83047682e-01  1.12292379e-01 -4.16460894e-02  1.56678081e-01
  -2.14013293e-01  1.28016844e-01  1.51733190e-01 -2.14018181e-01
   1.95661157e-01 -1.79439515e-01 -1.49800489e-03 -8.45158622e-02
  -7.93460011e-02  1.46517619e-01  2.39206497e-02 -2.41588280e-02
   3.45239416e-02 -1.95418879e-01  1.89053997e-01  1.50113553e-01
  -1.88617662e-01 -6.80848286e-02 -4.88538183e-02  5.85231632e-02
   1.31002948e-01 -1.71344206e-01  1.13498904e-01  1.46022011e-02
   7.61848539e-02  9.63802263e-02 -2.09208921e-01  1.59712732e-01
  -6.50383383e-02 -1.54257864e-01  2.75904089e-02 -1.57087937e-01
  -9.01375860e-02 -4.12403047e-03  2.90207714e-02 -2.05570504e-01
   1.23853564e-01  3.31915542e-02 -1.36664212e-01 -1.28435388e-01
  -1.96507126e-01 -1.29811049e-01 -6.46287128e-02  1.52742103e-01
  -1.71108007e-01 -2.23085091e-01 -1.40451103e-01 -2.61046487e-04
   1.68460503e-01 -1.42786458e-01 -7.03425258e-02 -7.75533766e-02
  -1.22066624e-01 -2.15288684e-01  7.75461718e-02 -8.94391239e-02
  -1.88169628e-01  2.67137557e-01  1.06472850e-01 -1.14249550e-01
  -5.41890366e-03  1.02425970e-01  4.91859131e-02  2.00691178e-01
  -5.24099767e-02 -1.48944691e-01  2.88437977e-02 -1.31297126e-01
   6.25988916e-02  1.94455415e-01  4.40726876e-02  9.34688225e-02
  -7.93833733e-02 -8.81330147e-02 -1.42794386e-01  9.71859768e-02]
 [ 1.47890970e-01  2.06820369e-01 -3.27606462e-02  1.57249644e-01
  -2.67518312e-02  1.34388879e-01 -1.81524083e-01 -1.52358547e-01
  -5.15725166e-02 -5.67452610e-02 -1.66843027e-01 -1.62967697e-01
  -5.92279583e-02 -1.75516218e-01  7.88932219e-02 -1.68672472e-01
   2.06944719e-01 -2.92829666e-02  4.52439375e-02 -1.60364062e-02
  -1.00645423e-01 -7.61613473e-02  5.96368611e-02  1.87491119e-01
   5.54080606e-02  9.68572870e-02  1.14912860e-01 -8.84760916e-02
   5.57563128e-03  7.42957816e-02  2.02206582e-01  1.23903483e-01
  -3.88631895e-02 -1.79131739e-02 -1.09908678e-01  6.38033599e-02
   8.27398710e-03  1.70416281e-01  1.84450850e-01 -1.33362100e-01
   8.50578099e-02  1.93168297e-01 -4.79020970e-03  1.49237379e-01
   1.16798840e-03 -1.32975921e-01  2.62050610e-02  2.48589888e-02
   2.09788546e-01  8.12734216e-02  1.75492108e-01 -1.95392996e-01
  -2.15731665e-01 -8.73589292e-02  6.14806972e-02  1.81132272e-01
  -5.01168072e-02  1.65349394e-01  2.04383321e-02  5.19317528e-03
   4.78333421e-02 -1.15661927e-01  4.65590172e-02 -1.61716878e-01
  -6.88121319e-02  2.22314913e-02 -1.86501279e-01  1.63170949e-01
   1.26657248e-01  6.51146844e-02  1.79850087e-01 -3.04428693e-02
  -1.45856559e-01 -1.89110115e-02 -1.26511455e-01  1.16863176e-01
  -4.57284339e-02 -1.14939846e-01 -1.26234936e-02 -9.71641690e-02
   1.68176845e-01 -1.78035423e-01 -1.38741836e-01  7.44847953e-02]
 [-6.97020739e-02 -1.64466575e-01  2.78832167e-02 -1.77932069e-01
   4.90232557e-02  7.47209862e-02 -7.07685277e-02  1.07382283e-01
   1.15519039e-01  5.36204875e-02 -1.37676030e-01 -2.14939535e-01
  -1.68245286e-01 -9.54962000e-02 -7.87761528e-03  1.09702639e-01
   1.25242457e-01 -3.71199548e-02 -7.28768930e-02 -1.77083895e-01
  -1.70461014e-01 -3.60272340e-02  2.25820035e-01 -1.01372965e-01
  -1.82590842e-01  2.26651490e-01 -1.40032843e-01  1.52919769e-01
   6.87337220e-02 -2.05048800e-01  1.97546948e-02  5.29198013e-02
   1.02922060e-01  3.62878367e-02  2.48334780e-01  1.44273117e-01
  -9.68061164e-02  1.03582218e-01 -1.16304405e-01  2.14003891e-01
   1.49653748e-01  1.24560699e-01 -1.17267266e-01 -4.51798476e-02
   7.32894316e-02 -9.06836390e-02 -1.26434267e-01 -2.81974450e-02
  -1.22042753e-01 -1.05738893e-01 -1.87311009e-01  1.88013688e-01
   1.08926781e-01 -1.44562989e-01 -1.42701611e-01 -8.18966627e-02
  -1.64056152e-01 -1.40269086e-01 -1.08895786e-01  1.34453755e-02
  -9.39888433e-02 -6.22661076e-02 -2.26166204e-01  1.72088429e-01
  -1.14391901e-01  9.26003903e-02  7.29907081e-02 -1.92999452e-01
   1.28591239e-01 -1.47711188e-02 -1.30897790e-01 -1.41475767e-01
   5.59838749e-02  1.42335758e-01  1.79109618e-01  2.06629619e-01
  -3.61759914e-03  2.35934541e-01 -9.25786346e-02 -7.68476576e-02
  -2.12547049e-01  2.11139917e-01  1.46306694e-01  1.12531886e-01]]
<NDArray 10x84 @gpu(0)>]