[
[[[[ 0.01672182  0.03369207  0.07599977  0.11986201  0.04108236]
   [ 0.12014084  0.01775633  0.11262162 -0.01983185  0.04543135]
   [ 0.05240887 -0.03980198 -0.02540773 -0.06535915  0.12733203]
   [-0.14253423  0.1376384  -0.08479096 -0.04547763 -0.01021287]
   [ 0.0865119   0.08412942 -0.00395937 -0.01576176  0.01559175]]]


 [[[-0.04913146  0.12398792  0.10557758 -0.12888962 -0.03584572]
   [-0.14520225  0.03893238 -0.15232477 -0.02881965  0.1283358 ]
   [ 0.14149003  0.09051859 -0.10208904  0.14298542  0.14274696]
   [ 0.15014462 -0.0006974   0.11821853  0.12238578  0.00670029]
   [ 0.00729038  0.1057984   0.08222926 -0.0995409   0.08341175]]]


 [[[-0.0241984   0.15757729  0.06877463  0.13724826 -0.1592654 ]
   [-0.11900229 -0.06320631  0.15973471 -0.11189514 -0.08485304]
   [-0.13181496 -0.03392092 -0.0987954  -0.03650371 -0.05398052]
   [ 0.04978586 -0.03707799  0.13486776  0.00543301  0.10300419]
   [-0.03072037 -0.06498708  0.05192641  0.00167587 -0.10006618]]]


 [[[-0.00730584  0.12676226 -0.08512005 -0.15534714  0.0064683 ]
   [ 0.06723931  0.14326796 -0.01953294 -0.00954742  0.02137697]
   [-0.01200283 -0.09994363  0.15931265 -0.08019933  0.09825015]
   [ 0.10618328  0.08785203  0.17183328  0.11344368 -0.05506225]
   [-0.12255877  0.07601389  0.02068047  0.12853734  0.11660926]]]


 [[[-0.01578023 -0.10150356 -0.1546109   0.1334455   0.01474482]
   [ 0.14596437 -0.02269445 -0.00716183 -0.0253037  -0.05439007]
   [-0.05196377 -0.11129299 -0.0934884   0.06811833  0.04535888]
   [-0.1208647  -0.06234543  0.00150258 -0.06607473  0.05085744]
   [ 0.04157455  0.1076608   0.0182407   0.06852283 -0.11042258]]]


 [[[-0.01193176 -0.0049993   0.02083688 -0.10728808  0.06256133]
   [ 0.07754576 -0.08689102  0.1058135   0.00738055 -0.00998571]
   [-0.03779021  0.10570351 -0.10698004 -0.13792276  0.1439906 ]
   [-0.00023315 -0.06549963 -0.13926403 -0.06822634 -0.02783028]
   [-0.12274924 -0.12908292 -0.10186147 -0.11956181 -0.00693213]]]]
<NDArray 6x1x5x5 @gpu(0)>, 
[[[[ 0.03112514  0.01927211 -0.06335873  0.00546952  0.08101318]
   [ 0.05261516  0.00676626 -0.07159593 -0.01535588 -0.00283663]
   [-0.03854686 -0.05403686  0.05074408  0.04590432 -0.0054384 ]
   [-0.04978246  0.01474833 -0.06210364 -0.08087508 -0.02932406]
   [ 0.02166766 -0.05879316  0.02539567 -0.04623809  0.02024766]]

  [[-0.0120984   0.08426588  0.07269418  0.03289583 -0.0063195 ]
   [-0.0203067   0.0227782  -0.00974607  0.07513148  0.03882069]
   [-0.0740873  -0.07826789  0.08863533  0.03352667  0.02934727]
   [ 0.03119905 -0.05150282 -0.04667955 -0.02166283 -0.06920239]
   [ 0.05705393 -0.01964917  0.02803988 -0.02017849 -0.03298805]]

  [[ 0.01366922 -0.08269022 -0.01209759  0.02470659  0.0898951 ]
   [ 0.08416263 -0.07135723  0.02615669 -0.05284791  0.02556618]
   [-0.059464    0.09061212  0.02688799  0.01363177  0.07180351]
   [ 0.06120845 -0.07415252  0.05931115 -0.0840137  -0.04088997]
   [-0.05903965 -0.07989727  0.06884764  0.02991105 -0.07266414]]

  [[ 0.02533886 -0.01047744  0.03031604  0.08277606 -0.01237129]
   [ 0.01066346 -0.04977373  0.03876208 -0.03514984 -0.03059794]
   [-0.06465764  0.03832486  0.05603285  0.06041715 -0.01629481]
   [-0.0839311  -0.07650501  0.0492485   0.0190827   0.08335821]
   [ 0.03848793  0.05533266 -0.03015793 -0.03732831 -0.01163338]]

  [[ 0.05207634 -0.05049637 -0.07152256 -0.0766226  -0.00894912]
   [-0.00625216  0.07271173 -0.07279347 -0.03609304  0.0727998 ]
   [-0.03859083 -0.0696189  -0.06587684  0.005563   -0.08664134]
   [-0.07390618  0.03308882  0.07610026 -0.0516903   0.07514275]
   [-0.04197824 -0.03589546 -0.0019941   0.01518622 -0.07947903]]

  [[ 0.01177081  0.01318259  0.02096318  0.01805019  0.01160057]
   [-0.04938494 -0.05042532 -0.07090191  0.04851573 -0.05099936]
   [ 0.01445772 -0.02746894 -0.06014677 -0.00530978 -0.02363641]
   [-0.05431753 -0.00665745  0.02472032  0.02849534 -0.00221383]
   [ 0.05248702  0.00042152  0.0286492  -0.02038001  0.01996673]]]


 [[[ 0.05238076  0.08766848  0.01355598 -0.0684165  -0.0608778 ]
   [-0.06477374  0.03546277  0.06205837  0.08234388  0.00050677]
   [ 0.00146226 -0.04936155  0.06998388  0.08757413 -0.03078994]
   [-0.02334888  0.02008963 -0.04142066 -0.01525296  0.05177585]
   [ 0.00220686 -0.01784529  0.04878657 -0.01041145  0.00287853]]

  [[-0.04511731  0.07915784  0.04970233  0.00635526  0.05623151]
   [-0.07405233  0.08411608 -0.02403079  0.05749304  0.06102621]
   [ 0.01712591 -0.00533372 -0.04683352 -0.08772001  0.04002822]
   [-0.02934453 -0.00179833  0.01174897 -0.0808551   0.03577681]
   [ 0.07065433 -0.03441192 -0.07497121 -0.0057057   0.00911415]]

  [[ 0.07063869 -0.01218279  0.07048437 -0.08650629 -0.06739104]
   [-0.08258694 -0.05321435 -0.04542588 -0.08118321 -0.07318421]
   [-0.01079837  0.03206719 -0.0868278  -0.06625189 -0.00861472]
   [-0.00819716  0.02548288 -0.05176975 -0.04124906 -0.02725134]
   [ 0.03298931 -0.00148147  0.01590039  0.07321115 -0.08693813]]

  [[ 0.04465104  0.00746405  0.08109737 -0.04614788 -0.01786499]
   [-0.01139812  0.01072015 -0.04139903 -0.03834579  0.0328997 ]
   [ 0.02953942 -0.00254419 -0.04168258 -0.06597341 -0.01087541]
   [ 0.02257     0.0552625   0.05302479  0.05334887 -0.0371069 ]
   [-0.03941904 -0.04901633  0.06734944 -0.02426666  0.03871436]]

  [[ 0.07869794 -0.08671557  0.08723143 -0.064177    0.03201317]
   [-0.03113668  0.08626173  0.07417168  0.00943188 -0.05875993]
   [ 0.08571886  0.06509768  0.03944312  0.02078582  0.03619668]
   [ 0.01781658 -0.05145821 -0.06461314  0.08593915 -0.04984633]
   [-0.08897543  0.03527415 -0.04593404  0.07121346 -0.01108364]]

  [[ 0.02364802  0.05058833 -0.08894635 -0.05410796  0.01390344]
   [ 0.06391826 -0.02595344  0.08666547  0.01913724 -0.05992433]
   [-0.02086937  0.01630485  0.05564306 -0.08768846  0.02100943]
   [-0.02050707 -0.0423701  -0.08213104  0.02688331  0.08313712]
   [ 0.05732926 -0.01073637 -0.08627559  0.08151668 -0.08236732]]]


 [[[ 0.04817137  0.07788935  0.06463088 -0.00643396 -0.05293467]
   [-0.01212181 -0.0777688  -0.07772037  0.02244931 -0.05191009]
   [-0.06243837  0.06352144  0.04088516  0.06608312 -0.01189593]
   [ 0.07346038  0.00135926  0.0643253   0.08202537  0.06344736]
   [-0.05229396 -0.08243856  0.0672095   0.06288673 -0.05285753]]

  [[-0.02500469  0.07499438  0.08788372  0.00341076 -0.06451269]
   [ 0.01703701 -0.02161413  0.04599127 -0.02274203  0.00968669]
   [-0.0070979  -0.04159658  0.08758553 -0.05148267  0.05826635]
   [-0.07917198  0.02507654  0.04297587  0.05968438 -0.01106521]
   [-0.04532262 -0.06069484  0.04782475  0.06852406 -0.07273953]]

  [[-0.04142577 -0.05459068 -0.01592671 -0.0666444  -0.035008  ]
   [ 0.06836003  0.02209125  0.00385858  0.01671369 -0.00037132]
   [ 0.01815212  0.04131893 -0.0421452  -0.08525391 -0.0375802 ]
   [-0.07317357 -0.0453112   0.05923125 -0.02913751  0.06141919]
   [-0.06452811  0.06935986 -0.06006495  0.0835658   0.08353213]]

  [[ 0.00998243  0.07997273 -0.07300068 -0.05011052  0.09755682]
   [-0.08893619 -0.00981022 -0.05523565  0.03841624  0.07560759]
   [ 0.0762535  -0.03628233 -0.05345044  0.06114285 -0.07768421]
   [-0.08605812 -0.02673689 -0.07171395  0.08789404  0.01478836]
   [-0.07191921  0.00419951  0.01767862 -0.01644155  0.00379046]]

  [[-0.02987052 -0.0033245   0.02205781  0.05833007 -0.01072711]
   [ 0.04526009  0.04187788 -0.0197294   0.00322796 -0.04650208]
   [ 0.0134613  -0.06234686  0.02720579  0.04179561  0.08950799]
   [ 0.07426737  0.05827674 -0.00317053 -0.01465739  0.032207  ]
   [ 0.06766848  0.05470311  0.06004272 -0.00717936 -0.08033074]]

  [[ 0.03058788  0.0399732  -0.0632787   0.05467357 -0.02595289]
   [ 0.04185705  0.02170469  0.03833101 -0.01048116  0.00724211]
   [ 0.01296222 -0.06683382 -0.07455235  0.08247701 -0.04975931]
   [-0.01842968 -0.0505242  -0.05075568  0.05894005  0.03948249]
   [-0.00852912  0.08905029  0.00816295 -0.07668996 -0.04917322]]]


 ...


 [[[-0.07319795 -0.04836607 -0.05321423 -0.03470302  0.09097175]
   [ 0.00153634 -0.04684447 -0.07791302 -0.04513761  0.06653082]
   [ 0.02505565  0.08970119  0.0464547  -0.08565494  0.03082007]
   [-0.05698201 -0.08319512 -0.03174785  0.07017358 -0.00030718]
   [-0.03758162  0.07703646  0.00403683  0.07427419 -0.02851712]]

  [[ 0.09152941 -0.08296713  0.04882818  0.00239382 -0.021143  ]
   [ 0.0631761  -0.01867482 -0.01892493  0.02809743 -0.04051197]
   [-0.08348449  0.08366956 -0.03188109  0.04488905  0.01476474]
   [ 0.09007255  0.02453983 -0.06016766 -0.03948854 -0.07467547]
   [-0.04871155  0.07097399  0.06567508 -0.08831018  0.0750991 ]]

  [[-0.0760894   0.06119708  0.00817658 -0.07004645 -0.07352325]
   [ 0.06157785 -0.0205474   0.01308285  0.03121055 -0.04499514]
   [-0.0123357  -0.06484856 -0.08130058  0.04112557 -0.05440013]
   [ 0.08928981 -0.00949893 -0.06699848 -0.07748504 -0.04735807]
   [-0.0360038   0.00466971  0.08015121 -0.00734122 -0.03700858]]

  [[-0.08004593 -0.03882945  0.02469258 -0.01502954  0.00372603]
   [ 0.06135178 -0.04439819  0.00520973  0.05458071 -0.04366129]
   [-0.01698853 -0.03064899 -0.08848725  0.08322502  0.07273944]
   [-0.05556493  0.06300745 -0.05661541  0.00287527  0.03316386]
   [-0.02303452 -0.02494516 -0.00846785  0.05682396 -0.07978913]]

  [[-0.02334381 -0.01429992  0.01082296 -0.02943484  0.08236759]
   [ 0.04601818  0.04327616  0.04214106  0.05731664 -0.0262757 ]
   [-0.07170033 -0.00676466  0.07754767 -0.03920998  0.01851324]
   [ 0.04854533  0.01772307  0.05921883 -0.07334355 -0.08367746]
   [-0.02757058 -0.03382953  0.02972655  0.07096665 -0.01020627]]

  [[ 0.06300751  0.0091463   0.03777068  0.03667228  0.04744999]
   [ 0.01655262 -0.06372456 -0.08096315  0.00393803  0.01117884]
   [-0.02400571  0.04847971  0.09087984  0.07469028 -0.01328895]
   [-0.07367855  0.08508977  0.0740431  -0.00719746 -0.00672031]
   [-0.02286502 -0.00884177 -0.08942888  0.09082784 -0.05757291]]]


 [[[-0.0636344   0.05836633  0.03892671 -0.06287213 -0.05847846]
   [ 0.0344214   0.05378834  0.04288423 -0.08093799  0.0766577 ]
   [ 0.00242023 -0.00835867 -0.0423984   0.03837664 -0.00959786]
   [ 0.02679638 -0.01483094  0.08102755 -0.03988962 -0.06990305]
   [ 0.06395634  0.04801742 -0.0517468   0.02552064 -0.08318926]]

  [[ 0.05995491  0.08054589  0.06730302  0.03502679 -0.08483048]
   [-0.00914499  0.05585397  0.08563277 -0.04617388 -0.02081393]
   [ 0.08227573 -0.07402627 -0.00066145 -0.02053311 -0.06971426]
   [-0.06088819  0.04561241  0.09476666  0.09131587  0.07344665]
   [-0.07665782 -0.00230145 -0.05519963 -0.01454357 -0.01944595]]

  [[-0.00973548  0.05750596  0.04003888  0.05154707 -0.04500062]
   [-0.05275146  0.02157538 -0.04342011 -0.06288858 -0.01400978]
   [-0.05406504  0.01048513 -0.0747092  -0.06766726  0.08176688]
   [-0.06991112 -0.07959334  0.07629225  0.01811925  0.02904688]
   [ 0.03899839 -0.03316053  0.08641456  0.02569102  0.05797549]]

  [[ 0.08213266 -0.08420613 -0.05424311  0.05281061 -0.01437091]
   [-0.07689399 -0.01149011  0.02669932 -0.00682644 -0.08968179]
   [-0.07294767  0.08407182  0.05380542 -0.00671573 -0.0278441 ]
   [-0.04520291 -0.01475511 -0.04700409  0.06556408 -0.01100425]
   [ 0.04154088 -0.08894997  0.04956867  0.0339406   0.06913113]]

  [[ 0.0652567   0.06659977  0.01960253 -0.02089931  0.05551543]
   [-0.02105099  0.05869392  0.07858451 -0.04138781  0.05279869]
   [ 0.06066075 -0.01373693 -0.03971662 -0.01877419 -0.06449122]
   [-0.01562544  0.03886231 -0.03344073 -0.00526724  0.06487428]
   [ 0.01031781 -0.03014241 -0.02084302 -0.01571215  0.07910998]]

  [[-0.01343614 -0.07533672  0.08983733  0.07502715  0.03703354]
   [-0.06179249 -0.08819895 -0.01071525  0.00728203 -0.05168   ]
   [-0.05310261 -0.05881321  0.06469022  0.00252319  0.06813568]
   [-0.00726947 -0.00882597 -0.03464809  0.03187205 -0.04856355]
   [-0.04571888 -0.03946869 -0.08454584  0.05743295  0.03541001]]]


 [[[-0.06781282  0.00461527  0.02603385  0.02336759 -0.03731131]
   [-0.03635427  0.03647218  0.07208171  0.03856247  0.09114455]
   [ 0.05851768  0.05682368 -0.07520526 -0.05054095  0.07394155]
   [ 0.08920116 -0.04684563  0.07719032 -0.03165772  0.03762816]
   [ 0.08868093 -0.01847688 -0.05227416  0.09353109  0.08931584]]

  [[-0.08141559  0.05180238 -0.01975463 -0.04214755  0.04043565]
   [-0.05492402  0.01601604  0.01095063  0.06783836 -0.01843971]
   [ 0.05415698 -0.07190709  0.03485877 -0.02335812 -0.00727895]
   [-0.08752079  0.0508743   0.05196527 -0.03366664  0.06925173]
   [ 0.08597814  0.00592928 -0.02068749 -0.07816844 -0.01538149]]

  [[ 0.05779014 -0.05254872  0.0017192   0.01588931  0.04104102]
   [-0.07463446  0.01769294  0.04027674  0.08284406  0.05819145]
   [-0.06521979  0.06513432  0.05754628 -0.07197282 -0.02552318]
   [ 0.07669694 -0.05634319 -0.00053149 -0.04290307 -0.01828364]
   [ 0.0242513   0.05570595 -0.08273274  0.07386699  0.08078334]]

  [[ 0.04999287  0.07874423 -0.0734402   0.01324385  0.01584296]
   [-0.04852482  0.05496092 -0.04066533 -0.00271121 -0.09097761]
   [ 0.05897813 -0.04388777  0.03487971 -0.01495082  0.01746326]
   [-0.00760538  0.00251041 -0.04319027  0.05791551 -0.00389108]
   [-0.06969953 -0.05343718  0.01578763  0.02717015 -0.05095952]]

  [[-0.00874597  0.01704514  0.0174678   0.03567588 -0.03178718]
   [-0.01595757 -0.05000665 -0.08549096 -0.05115455 -0.03497967]
   [-0.05995097 -0.03206306 -0.08621103 -0.03020037  0.02325543]
   [-0.01165489  0.00563205  0.05772176  0.07885866 -0.06561213]
   [-0.00701154  0.00427102 -0.05611914  0.04539512  0.01386022]]

  [[-0.03409388  0.02181573  0.06457032  0.03337627 -0.07769208]
   [-0.07148799  0.02287074  0.04433912  0.02373076 -0.03901302]
   [-0.06646237  0.04652679 -0.03494043  0.0526706   0.01330177]
   [ 0.02378693  0.01491206 -0.00961308 -0.0888852   0.08416098]
   [ 0.01925628  0.07170828  0.03737864 -0.05372886 -0.01589054]]]]
<NDArray 16x6x5x5 @gpu(0)>, 
[[-0.05372425 -0.01841901 -0.00820808 ...  0.00909556  0.01615504
   0.07193564]
 [ 0.00424033 -0.05358    -0.08680154 ... -0.07596093 -0.04233536
   0.03218795]
 [-0.02593284  0.01574763  0.05830465 ...  0.04839287 -0.03083769
  -0.02774534]
 ...
 [-0.08637334 -0.10818876  0.00909976 ... -0.07450806 -0.01123623
  -0.09912321]
 [ 0.03081009  0.04226905  0.06806198 ... -0.1087471  -0.04831533
   0.04184182]
 [ 0.04074448  0.0916172  -0.03356656 ... -0.03046397 -0.09417767
   0.02808676]]
<NDArray 120x256 @gpu(0)>, 
[[ 0.12873207 -0.06456617 -0.05183846 ...  0.0023706   0.07520333
  -0.08638716]
 [ 0.12331069 -0.13560113  0.06245052 ...  0.00768787 -0.06997475
  -0.0223088 ]
 [ 0.12653635  0.09514394  0.10122821 ...  0.1472102  -0.04559748
  -0.04364747]
 ...
 [ 0.14839306 -0.06745046 -0.06692956 ... -0.04805832 -0.06670771
   0.02956771]
 [ 0.11276699 -0.0285179   0.12004025 ...  0.08029585 -0.10027745
  -0.00109242]
 [-0.1402628   0.10079032  0.02570992 ... -0.03558648  0.08275398
   0.02193911]]
<NDArray 84x120 @gpu(0)>, 
[[ 4.54267394e-03  1.42384078e-02  2.03786314e-01 -1.21276513e-01
   5.74169308e-02 -4.59023267e-02 -3.28224972e-02  5.18711358e-02
   4.50659990e-02 -7.24615995e-03 -2.10093319e-01 -1.00465436e-02
  -8.34266841e-02  9.49580595e-02  6.87095672e-02 -9.47507098e-02
  -9.16566253e-02 -5.08828908e-02  5.10310866e-02  1.09908916e-01
  -2.89560817e-02  1.66818649e-01 -1.61492318e-01 -1.76867083e-01
  -8.79769027e-02 -1.83174402e-01  3.24451812e-02 -6.59816861e-02
   3.95727903e-02  2.34595072e-02  3.24847251e-02 -2.02802315e-01
   6.82409704e-02  2.04801530e-01  6.13766275e-02 -7.81436786e-02
  -2.99444851e-02 -1.21702693e-01  1.73148200e-01 -1.58991069e-01
  -5.49175218e-02 -1.75844967e-01 -2.76846234e-02  2.11342856e-01
   1.73435599e-01 -1.05913743e-01  1.35787576e-01  1.63471792e-02
   8.84707868e-02 -2.04829480e-02 -1.76437110e-01 -1.74838409e-01
   1.83138236e-01 -6.27730638e-02  9.35096070e-02 -1.34264827e-02
   2.17797697e-01  1.48084909e-01 -1.50261551e-01  1.76804766e-01
  -2.07346946e-01 -1.71595678e-01 -2.10406691e-01  8.84271041e-03
  -1.05378397e-01 -1.78135589e-01  1.57194555e-01 -9.22503322e-02
   1.49772251e-02 -1.17120013e-01  2.86306906e-02  2.04108998e-01
   1.49755627e-01 -9.96231213e-02 -1.63783967e-01 -1.10052750e-01
  -9.04314369e-02 -1.79376423e-01  3.90891172e-02  2.99215242e-02
   2.05035463e-01 -3.62054221e-02  2.72194147e-02 -6.01175763e-02]
 [-2.10720763e-01  1.36563554e-01  1.34668440e-01 -9.33100432e-02
  -1.17625631e-01  9.49178487e-02  1.33820698e-01  4.93125506e-02
  -4.82312702e-02 -3.16197351e-02  1.58507094e-01  1.09615669e-01
   1.07365333e-01 -3.06994673e-02  2.25565154e-02 -2.97785141e-02
  -1.58731446e-01 -6.02954775e-02 -1.93889782e-01 -1.49675727e-01
  -1.65952638e-01  1.92828372e-01 -2.02266395e-01  1.84386060e-01
  -1.71179011e-01  1.27027392e-01 -1.17802501e-01  5.05238622e-02
   9.17615145e-02 -2.02698573e-01  2.60706674e-02  7.34644681e-02
  -2.15379730e-01 -1.61643073e-01 -1.91573814e-01 -8.98119137e-02
   8.71146917e-02 -9.71748158e-02 -1.10985108e-01  1.89465746e-01
  -1.40411735e-01 -1.58307552e-02 -1.70390964e-01  1.53817832e-01
  -9.59556252e-02 -1.20495714e-01 -2.14524508e-01 -2.18270645e-01
   5.60695976e-02 -1.78316474e-01 -8.58718604e-02 -1.41852707e-01
  -1.36511803e-01  5.79678407e-03 -1.76731765e-01  1.65911928e-01
  -9.44255963e-02  1.22468725e-01 -1.26914605e-01  1.29003804e-02
  -9.33382884e-02 -9.77306068e-02 -6.89059077e-03 -2.07277134e-01
   1.79730151e-02  1.64459422e-01  1.50684103e-01 -9.80486497e-02
   2.12010473e-01 -1.54908776e-01 -1.98891029e-01  2.30738241e-03
  -1.18163124e-01 -6.86526448e-02  6.25339523e-02 -1.46099448e-01
  -1.50694519e-01 -1.20993569e-01  1.68875352e-01  1.46458223e-01
  -1.23388268e-01  9.66410413e-02  1.05930060e-01 -1.95947483e-01]
 [ 7.20873624e-02  5.38117737e-02  1.36993945e-01 -8.77967924e-02
  -2.07715407e-01  1.36567309e-01 -1.18659213e-01  2.00597122e-02
   9.08088833e-02 -2.12142020e-01 -1.80332243e-01 -2.10174605e-01
   6.33480474e-02 -8.90583619e-02 -6.00404665e-02  1.66400239e-01
   2.30730772e-02  1.98150277e-02 -1.38182804e-01  1.47622988e-01
  -1.35046467e-01 -1.12406142e-01  9.87606049e-02 -1.30778208e-01
   1.24330983e-01  1.98948354e-01  2.17897788e-01  1.14547148e-01
   1.54043481e-01 -1.31526843e-01  1.90305635e-02 -1.17082642e-02
  -1.78264424e-01  1.09835062e-03 -1.74436427e-03 -1.43083394e-01
   1.86845914e-01 -8.80198926e-02  1.25579476e-01 -9.96395797e-02
   2.52706488e-03  1.68928012e-01 -1.99325904e-02  1.42097811e-03
  -1.24788575e-01  3.41248177e-02 -1.39014125e-01 -6.88264221e-02
  -1.85766876e-01  4.71607856e-02  1.70700282e-01 -1.65648207e-01
   6.11861870e-02 -1.93183333e-01 -1.55759498e-01  2.18300000e-01
  -3.74382511e-02 -9.57978964e-02 -1.91913366e-01 -1.06019393e-01
  -1.27332926e-01 -9.77352262e-02  1.08109787e-01 -1.08847819e-01
   6.64240718e-02  1.73965916e-01 -9.17991530e-03  1.46375731e-01
  -9.93395597e-02 -1.54425919e-01  6.78410158e-02  2.16619819e-01
  -1.22179044e-02 -8.06472003e-02 -4.68577072e-02  1.74025536e-01
   5.60956523e-02  2.50177253e-02 -2.42781769e-02 -5.65070361e-02
  -1.04385279e-01 -1.55309305e-01 -3.56237069e-02 -1.65790975e-01]
 [-3.50704379e-02 -1.86587662e-01  1.73800543e-01 -1.32663056e-01
   2.07434624e-01 -2.17032909e-01  5.38514033e-02  1.64512143e-01
  -1.80410668e-01  1.89797550e-01  1.01548210e-01  1.53749913e-03
   7.91230649e-02  1.09939165e-01  1.38285220e-01 -4.68095485e-03
  -6.66060299e-02 -2.16598779e-01 -1.93982393e-01 -1.54203018e-02
   4.84561995e-02 -1.51081339e-01 -1.66115403e-01 -8.76121446e-02
   1.13379486e-01  1.09295540e-01  1.30997196e-01  1.11221895e-01
  -3.91124599e-02  1.84944138e-01  1.93767533e-01  1.87670782e-01
  -1.45377532e-01 -1.78935915e-01  1.92551881e-01 -1.33002743e-01
  -1.50682926e-02  2.68384516e-02  1.14827752e-01 -2.17633158e-01
   1.07723787e-01 -1.17932811e-01  2.09709749e-01 -2.02215180e-01
   2.07656607e-01 -1.82866871e-01 -2.03497171e-01  7.08536953e-02
   1.30698100e-01  4.17945953e-03 -2.06800446e-01 -6.07134076e-03
   3.16879712e-02 -1.97817132e-01 -3.86226214e-02 -1.10756509e-01
   2.11817250e-01  1.10622518e-01  1.28545240e-01  5.55738173e-02
  -1.95203260e-01  1.08053729e-01 -1.34834260e-01  2.12408110e-01
  -2.33346038e-02  3.42310183e-02  8.86073261e-02  2.78383493e-03
  -7.43560791e-02 -1.23440355e-01 -6.19453900e-02  3.24450843e-02
   1.80988654e-01  1.21514156e-01  1.98029608e-01  1.44466177e-01
  -3.85910608e-02 -1.12779707e-01  1.73939258e-01  1.54917568e-01
  -7.41152316e-02 -1.57481328e-01 -1.80565864e-01  1.12428896e-01]
 [ 9.70596075e-03  1.89159334e-01  6.72670379e-02  9.75975022e-02
   1.75410807e-01 -1.62400752e-01  2.03877315e-01 -1.64907336e-01
   1.18448555e-01  4.55282889e-02  1.13142423e-01  2.10834473e-01
   8.94090757e-02  1.74541309e-01  9.17612985e-02 -1.04322001e-01
   1.16722599e-01  4.22348231e-02  2.10597813e-01 -7.17726797e-02
  -5.50091378e-02 -2.60951053e-02 -1.76386178e-01  6.86783716e-02
   1.58431143e-01 -2.50460003e-02  2.07363740e-02  7.17913359e-02
   1.92798879e-02 -7.90189803e-02 -5.77140860e-02 -2.10242778e-01
   1.47100925e-01  8.81804973e-02 -9.05960947e-02  1.29568234e-01
  -1.63445935e-01 -1.64718926e-01  2.74107344e-02  1.55182675e-01
  -9.94578898e-02  1.77735731e-01  1.19772926e-01 -1.31893978e-01
  -1.40802056e-01 -1.82739854e-01  1.26549169e-01  1.60548821e-01
   4.78923656e-02  1.36717841e-01 -2.02440813e-01 -8.56133476e-02
   2.67361496e-02 -2.06510976e-01  7.35303760e-02  1.13320157e-01
   1.91404060e-01  6.18634000e-02  1.27739936e-01  2.81698145e-02
   1.09314702e-01  1.79180339e-01 -2.97710020e-03  7.65571669e-02
  -1.96389690e-01 -9.27013531e-02  1.38362378e-01 -2.18329281e-02
  -2.12250337e-01  2.14940831e-01  2.01401059e-02 -1.07867099e-01
   3.31611186e-02  1.70610487e-01 -1.69052750e-01 -7.14715496e-02
  -1.94535792e-01 -9.58960503e-02  2.63243113e-02  9.01979282e-02
  -6.33758400e-03 -6.53966069e-02 -8.83735344e-02 -1.96448609e-01]
 [ 1.30000696e-01 -4.42804396e-02  9.27964225e-02  1.47511438e-01
  -1.56202525e-01  1.25192717e-01  7.01635182e-02  6.14648797e-02
  -1.88147441e-01 -8.25518393e-04 -6.23817332e-02 -1.04763964e-02
   1.37105405e-01 -1.13597503e-02 -3.11326459e-02  1.94394574e-01
   4.35985774e-02  1.03828266e-01  1.01565704e-01 -2.00633809e-01
   1.39937550e-01  1.11839890e-01  1.13059878e-01  4.51902812e-03
  -2.15214327e-01 -1.41273841e-01 -3.53982039e-02 -4.71805260e-02
  -1.61078069e-02  1.92881212e-01 -1.94081739e-01 -1.24250621e-01
   1.85102466e-02  1.36800125e-01  4.52464595e-02 -4.19447459e-02
   1.43409416e-01  3.78642231e-02  1.92902654e-01 -1.37670308e-01
  -1.65290877e-01  1.36366710e-01 -1.18060581e-01  3.52993682e-02
   6.90290257e-02 -2.55555417e-02 -1.62608862e-01  1.30126625e-01
  -1.20886661e-01  2.02249102e-02  3.43526453e-02 -3.56225036e-02
  -1.44309685e-01 -2.11228758e-01  1.23208500e-01  8.02395493e-02
   1.55854031e-01 -6.38158387e-03 -2.03929499e-01 -1.21778868e-01
  -1.57880381e-01  1.85410038e-01  6.00618534e-02 -3.66083533e-02
  -2.14196742e-01 -1.60836771e-01  1.26000315e-01 -1.74766570e-01
   1.68573810e-03  1.83249667e-01  2.16692552e-01 -8.81423131e-02
   2.11777285e-01  1.94972754e-01 -1.19180530e-01 -7.17441142e-02
   1.53502136e-01 -4.97979000e-02  1.35835692e-01  1.79738864e-01
  -1.15209527e-01  7.64538571e-02  7.07633495e-02  1.19179785e-01]
 [ 2.10700050e-01  8.52349028e-02  9.91575122e-02  1.90664142e-01
  -1.78045884e-01 -4.97014374e-02 -3.90587491e-04 -1.47244692e-01
  -1.69737898e-02 -1.06494278e-01 -2.18256757e-01 -1.53556824e-01
   2.13219538e-01  9.37523991e-02  1.65053114e-01  1.97845921e-02
  -1.23471677e-01 -2.59026289e-02  4.42890301e-02  1.28765196e-01
  -1.30980983e-02  2.44695339e-02 -6.34365529e-02  6.37407899e-02
   1.27036022e-02 -4.69090007e-02  2.54300088e-02  5.91039062e-02
   1.45907283e-01 -1.67408496e-01 -1.90889493e-01 -3.30982581e-02
   4.57417816e-02 -2.10289680e-03 -1.43272476e-03 -3.59302722e-02
   4.68132421e-05  1.46922097e-01 -1.81834832e-01 -6.25136644e-02
   1.30260691e-01  4.03266996e-02  1.12271853e-01 -2.15128988e-01
  -1.06991619e-01  1.35328710e-01 -1.77130967e-01  1.91811368e-01
   1.82467610e-01 -1.49675205e-01  2.61731190e-03  2.09813371e-01
  -1.60023436e-01  1.77069128e-01 -1.69208840e-01 -1.88208207e-01
   1.49155796e-01  1.05276108e-01  2.14341097e-02 -1.96749829e-02
  -1.04743153e-01  1.13457814e-01  3.21300216e-02  9.80862007e-02
  -8.28246549e-02  1.31620824e-01  1.27327278e-01 -5.93831986e-02
  -4.52065887e-03  1.84224978e-01  2.01251790e-01  1.93737391e-02
   7.43347686e-03 -2.02227965e-01  1.75917491e-01  1.65407896e-01
  -1.11054391e-01  2.64401454e-02  6.10256987e-03 -2.12681457e-01
   2.50850292e-03  3.14611308e-02  1.34667814e-01  1.51579052e-01]
 [-1.91068366e-01 -1.85043737e-01  1.44352049e-01  1.17887691e-01
   1.36073247e-01  1.12291589e-01 -4.12130430e-02  1.36210129e-01
  -2.03522533e-01  1.02313608e-01  1.17288463e-01 -2.02325985e-01
   2.07573608e-01 -1.74198791e-01 -2.23085675e-02 -7.05197901e-02
  -7.93460011e-02  1.46517411e-01  9.16229840e-03 -1.68197230e-02
   3.43142636e-02 -1.81763813e-01  1.56589985e-01  1.51774585e-01
  -1.88649997e-01 -7.15075508e-02 -1.88685935e-02  4.81661074e-02
   1.22884370e-01 -1.70564771e-01  9.54432636e-02  1.52140819e-02
   3.92450877e-02  9.63931307e-02 -2.02149019e-01  1.59695774e-01
  -6.52037486e-02 -1.54257864e-01  2.75896490e-02 -1.71721414e-01
  -8.99231732e-02 -4.12403047e-03  7.56657030e-03 -2.05570668e-01
   7.71417469e-02  4.23325859e-02 -1.48965150e-01 -1.28448159e-01
  -1.95992202e-01 -1.28511131e-01 -7.08488747e-02  1.50251076e-01
  -1.71010256e-01 -1.95074454e-01 -1.40173644e-01 -3.35901976e-04
   1.68475404e-01 -1.11791059e-01 -6.43159822e-02 -7.53565207e-02
  -1.22229427e-01 -2.16503099e-01  1.06420062e-01 -8.96185488e-02
  -1.70636207e-01  2.20315754e-01  1.06797606e-01 -1.14249550e-01
  -1.16320439e-02  1.01905897e-01  4.62479442e-02  2.01722294e-01
  -7.86961392e-02 -1.67910025e-01  2.98251566e-02 -1.29164919e-01
   6.76163435e-02  1.59136429e-01  3.58046778e-02  9.20813531e-02
  -7.93834999e-02 -1.06181197e-01 -1.27364457e-01  9.70705450e-02]
 [ 1.49324417e-01  1.80252463e-01 -8.82057473e-02  1.62566856e-01
  -2.80816350e-02  1.34388968e-01 -1.79025933e-01 -1.47049338e-01
  -8.79497007e-02 -6.56651407e-02 -1.81121811e-01 -1.49289936e-01
  -7.06366226e-02 -1.56287760e-01  8.67276341e-02 -1.85444742e-01
   2.06944719e-01 -2.92815864e-02  5.18427081e-02  4.72239591e-03
  -1.00439392e-01 -8.35317522e-02  6.60474673e-02  1.83217719e-01
   5.54472134e-02  1.10469408e-01  1.37982786e-01 -8.72693285e-02
   1.34012615e-02  8.56314674e-02  1.79500476e-01  1.21004753e-01
  -4.26702872e-02 -1.79062337e-02 -9.73205268e-02  6.38088733e-02
   8.29887483e-03  1.70416281e-01  1.84450015e-01 -1.42812371e-01
   9.37261507e-02  1.93168297e-01 -3.08153126e-03  1.49237067e-01
  -2.83992453e-03 -1.50156155e-01  6.13890067e-02  2.48356871e-02
   1.74332514e-01  8.18452090e-02  1.84813976e-01 -1.97539687e-01
  -2.15749025e-01 -8.17004442e-02  6.23713732e-02  1.81132391e-01
  -5.01270704e-02  1.61924839e-01  4.00539078e-02  1.10471724e-02
   4.81349081e-02 -1.15689263e-01  4.35619429e-02 -1.61299065e-01
  -8.57379287e-02  1.67727340e-02 -1.87803850e-01  1.63170949e-01
   1.29790902e-01  6.47195131e-02  1.77447051e-01 -3.03354803e-02
  -1.35337502e-01 -4.15804796e-02 -1.26402289e-01  1.23680718e-01
  -5.43383062e-02 -1.06787711e-01 -4.37196381e-02 -9.63636041e-02
   1.68176696e-01 -2.10757196e-01 -1.30015194e-01  7.51507804e-02]
 [-3.91558520e-02 -1.55181199e-01  6.31945953e-02 -1.81974947e-01
   1.42692663e-02  7.47199804e-02 -7.20568374e-02  1.04071148e-01
   1.21402606e-01  4.38635573e-02 -1.58493847e-01 -1.97477609e-01
  -1.38198674e-01 -9.55909863e-02 -3.69975939e-02  1.10899881e-01
   1.25242457e-01 -3.71457636e-02 -9.96557474e-02 -1.53837889e-01
  -1.70508832e-01 -3.45416320e-03  1.92772374e-01 -1.42851546e-01
  -1.82571873e-01  2.12638840e-01 -1.02931276e-01  1.17270857e-01
   6.76879287e-02 -2.06635356e-01  2.04206184e-02  4.32069674e-02
   8.97514820e-02  3.62873338e-02  2.11200863e-01  1.44255787e-01
  -9.70518962e-02  1.03582218e-01 -1.16305150e-01  1.81403577e-01
   1.49493918e-01  1.24560699e-01 -1.20257348e-01 -4.51798066e-02
   8.29403251e-02 -7.46053085e-02 -1.46098405e-01 -2.82183550e-02
  -1.28909469e-01 -1.05388522e-01 -1.88205704e-01  1.81102648e-01
   1.08913518e-01 -1.28500462e-01 -1.39716834e-01 -8.18142742e-02
  -1.64065301e-01 -1.28956228e-01 -1.18987858e-01  1.83169488e-02
  -9.50895026e-02 -6.20072931e-02 -2.06886783e-01  1.73098654e-01
  -1.06340833e-01  5.99957071e-02  7.37241954e-02 -1.92999452e-01
   1.19344376e-01 -1.53844655e-02 -1.21082559e-01 -1.40582055e-01
   5.15577421e-02  1.15153074e-01  1.79958567e-01  2.10406527e-01
   1.64295807e-02  2.13114873e-01 -5.83756268e-02 -7.80090764e-02
  -2.12547168e-01  2.07292557e-01  1.44254312e-01  1.09695755e-01]]
<NDArray 10x84 @gpu(0)>]