[
[[[[-0.5718235  -0.671906   -0.6936952  -0.6537064  -0.6742978 ]
   [-0.5677824  -0.7690576  -0.7146208  -0.8192462  -0.67404866]
   [-0.6580655  -0.80991906 -0.79048187 -0.7600832  -0.5135573 ]
   [-0.81663    -0.5889246  -0.76361144 -0.65070236 -0.57299787]
   [-0.5989054  -0.58424383 -0.61629415 -0.5657236  -0.492486  ]]]


 [[[-0.7521293  -0.6954613  -0.7851546  -1.0763702  -0.9685923 ]
   [-0.9180954  -0.8716062  -1.165637   -1.1066848  -0.9066695 ]
   [-0.7715875  -0.946677   -1.2376605  -1.016681   -0.9112985 ]
   [-0.8440315  -1.1060134  -1.0419728  -1.0299754  -0.9795149 ]
   [-0.9618354  -0.9338975  -0.96323377 -1.0798151  -0.7649648 ]]]


 [[[-0.02912956  0.12865426  0.02593658  0.10504104 -0.164724  ]
   [-0.13566092 -0.08812536  0.1264225  -0.12465519 -0.07808803]
   [-0.14354593 -0.05891733 -0.12553397 -0.04920806 -0.05588437]
   [ 0.04044422 -0.05682151  0.10680877 -0.00738932  0.09109514]
   [-0.04361597 -0.08151742  0.03025377 -0.01350788 -0.10572753]]]


 [[[-0.6026923  -0.53991604 -0.78220725 -0.89927554 -0.7208636 ]
   [-0.58266234 -0.5996411  -0.8216424  -0.83712924 -0.7466847 ]
   [-0.71449804 -0.91442955 -0.70844084 -0.93584645 -0.6613934 ]
   [-0.6590547  -0.73829454 -0.6898755  -0.70917064 -0.77509373]
   [-0.8533265  -0.67850906 -0.7444073  -0.5972434  -0.51201653]]]


 [[[-0.18109196 -0.25306326 -0.31973952 -0.06275581 -0.1659287 ]
   [-0.03055151 -0.19202957 -0.19143616 -0.225015   -0.24023154]
   [-0.20534524 -0.2831486  -0.28916866 -0.14020672 -0.15310249]
   [-0.29038194 -0.26441115 -0.21272676 -0.2747771  -0.15575251]
   [-0.13853987 -0.09434904 -0.18726942 -0.12942702 -0.29328492]]]


 [[[-0.00449378  0.00588356  0.02875464 -0.10342783  0.05489205]
   [ 0.07827756 -0.08550523  0.108265    0.00644662 -0.02206253]
   [-0.04240948  0.09897666 -0.11366677 -0.14534071  0.12875068]
   [ 0.00143218 -0.06530934 -0.13920338 -0.06958476 -0.03917771]
   [-0.12341589 -0.12897426 -0.10193615 -0.12177581 -0.01992416]]]]
<NDArray 6x1x5x5 @gpu(0)>, 
[[[[ 2.51567010e-02  1.30198020e-02 -7.36667514e-02 -4.31955792e-03
     7.54409358e-02]
   [ 4.46183570e-02 -5.38541563e-03 -8.55312496e-02 -3.14780027e-02
    -1.53475450e-02]
   [-4.51046899e-02 -6.74937814e-02  3.61115709e-02  3.02592348e-02
    -1.88434012e-02]
   [-5.46765551e-02  7.58847548e-03 -7.61735216e-02 -9.70666558e-02
    -4.45370935e-02]
   [ 7.59374537e-03 -7.27411658e-02  5.99684846e-03 -6.54949397e-02
     3.97635996e-03]]

  [[-2.29891557e-02  6.55562878e-02  5.02726771e-02  1.41415102e-02
    -1.55355353e-02]
   [-2.54707281e-02  1.04468735e-02 -2.72673313e-02  5.39908260e-02
     2.14630812e-02]
   [-8.23700204e-02 -9.40611213e-02  7.10250065e-02  7.81859737e-03
     4.84866370e-03]
   [ 1.29456734e-02 -7.09142014e-02 -7.34412298e-02 -4.59174626e-02
    -9.00448114e-02]
   [ 4.34902236e-02 -3.47595252e-02  1.35713536e-02 -3.84822488e-02
    -4.50970158e-02]]

  [[ 1.13084307e-02 -8.21846128e-02 -1.27830189e-02  2.56320909e-02
     8.88562649e-02]
   [ 8.35568756e-02 -7.22290054e-02  2.42939256e-02 -5.16685024e-02
     2.44608223e-02]
   [-5.98924831e-02  9.03972015e-02  2.24364921e-02  1.20050134e-02
     6.93211257e-02]
   [ 6.14307113e-02 -7.24908710e-02  5.92695735e-02 -8.63756612e-02
    -4.18210290e-02]
   [-5.96234314e-02 -8.06720257e-02  6.70223534e-02  2.71663181e-02
    -7.50174746e-02]]

  [[ 1.58622004e-02 -2.97581758e-02  8.63775425e-03  6.60762414e-02
    -2.16298420e-02]
   [ 1.01578971e-02 -5.75089194e-02  1.79680381e-02 -5.66495992e-02
    -4.37307172e-02]
   [-7.11457953e-02  2.96196435e-02  3.47971618e-02  3.30301151e-02
    -3.44181769e-02]
   [-1.00387856e-01 -9.17386413e-02  2.93972995e-02 -8.22027307e-03
     6.47026077e-02]
   [ 2.31069550e-02  4.15787846e-02 -4.30719256e-02 -5.38498387e-02
    -2.52976492e-02]]

  [[ 4.90317568e-02 -5.42520843e-02 -7.52509385e-02 -7.75265172e-02
    -9.66014154e-03]
   [-9.92348604e-03  7.02100471e-02 -7.30833933e-02 -3.72776948e-02
     6.80910125e-02]
   [-4.15321700e-02 -7.48840570e-02 -6.72363266e-02  2.93019949e-03
    -8.88719037e-02]
   [-7.53662586e-02  2.97778100e-02  7.42671341e-02 -5.22434190e-02
     7.55765587e-02]
   [-4.24938910e-02 -3.73842083e-02 -5.92254661e-03  1.33668641e-02
    -8.02303851e-02]]

  [[ 1.08759860e-02  1.29968878e-02  2.11376641e-02  1.89399105e-02
     1.14833936e-02]
   [-5.16299717e-02 -5.16158640e-02 -7.10676610e-02  4.86777574e-02
    -5.10862470e-02]
   [ 1.36384582e-02 -2.89258175e-02 -6.05834909e-02 -4.46184352e-03
    -2.43441463e-02]
   [-5.46634980e-02 -7.06988154e-03  2.38572787e-02  2.83647589e-02
    -2.61469721e-03]
   [ 5.19062467e-02 -1.49325584e-04  2.80016381e-02 -2.14911662e-02
     1.96513571e-02]]]


 [[[-2.88854912e-02  1.27048492e-02 -5.05588725e-02 -1.22771882e-01
    -1.10244490e-01]
   [-1.48589998e-01 -3.22934985e-02 -1.81272477e-02  7.60444999e-03
    -6.13073222e-02]
   [-5.72368726e-02 -1.14019223e-01 -1.94356292e-02 -9.23018157e-03
    -9.56220254e-02]
   [-7.01210499e-02 -5.48578128e-02 -1.72745064e-01 -1.26742274e-01
    -1.58685595e-02]
   [-6.32327646e-02 -1.18836679e-01 -8.46625865e-02 -1.19797215e-01
    -6.27454221e-02]]

  [[-2.93809205e-01 -1.79527640e-01 -2.21275747e-01 -2.27619603e-01
    -1.29625410e-01]
   [-2.98347354e-01 -1.83631033e-01 -3.26437712e-01 -2.10525230e-01
    -1.30357236e-01]
   [-2.14154586e-01 -2.97662914e-01 -3.91143560e-01 -3.72502625e-01
    -1.48594126e-01]
   [-2.82968998e-01 -3.10216606e-01 -3.20547104e-01 -3.38747531e-01
    -1.37442678e-01]
   [-1.98869348e-01 -3.46707582e-01 -3.88921976e-01 -2.59388387e-01
    -1.65581793e-01]]

  [[ 6.96370676e-02 -1.18681211e-02  7.03138039e-02 -8.41982514e-02
    -6.67603686e-02]
   [-8.45341235e-02 -5.72576486e-02 -4.67850082e-02 -8.04747120e-02
    -7.02695847e-02]
   [-1.46402875e-02  2.36998275e-02 -8.79666582e-02 -6.42298162e-02
    -6.41432498e-03]
   [-5.46898693e-03  2.48005204e-02 -4.62888777e-02 -3.88042517e-02
    -2.13333387e-02]
   [ 3.76816466e-02 -2.13969336e-03  1.50928115e-02  7.40142390e-02
    -8.54588374e-02]]

  [[-1.84761584e-01 -2.51620710e-01 -2.02118933e-01 -3.06123018e-01
    -2.22351849e-01]
   [-2.13338599e-01 -2.62475580e-01 -3.63182127e-01 -3.30620527e-01
    -1.78435504e-01]
   [-1.74709633e-01 -2.88332552e-01 -3.93325657e-01 -3.70264620e-01
    -2.20176741e-01]
   [-1.93075702e-01 -2.20839053e-01 -2.69017607e-01 -2.27465957e-01
    -2.41587654e-01]
   [-2.80720145e-01 -3.23226154e-01 -2.43692458e-01 -2.89197862e-01
    -1.53322831e-01]]

  [[-2.84063518e-02 -2.07514361e-01 -2.72085220e-02 -1.71864435e-01
    -4.99934331e-02]
   [-1.42846540e-01 -4.49701548e-02 -5.09466007e-02 -9.50068533e-02
    -1.42687470e-01]
   [-3.65844369e-02 -8.07026625e-02 -8.36567581e-02 -7.76875913e-02
    -3.97769064e-02]
   [-1.14386030e-01 -1.90539166e-01 -1.70879960e-01 -1.49055570e-03
    -1.26099110e-01]
   [-2.14940995e-01 -9.10999477e-02 -1.52774125e-01 -1.88946277e-02
    -8.56882557e-02]]

  [[ 2.20298115e-02  5.08768111e-02 -8.91356692e-02 -5.35999760e-02
     1.40230665e-02]
   [ 6.29546046e-02 -2.60457993e-02  8.76542851e-02  1.93873439e-02
    -5.97197153e-02]
   [-2.16050632e-02  1.65423825e-02  5.57642356e-02 -8.70792419e-02
     2.11232062e-02]
   [-2.03188844e-02 -4.11644354e-02 -8.31267685e-02  2.69966759e-02
     8.36497396e-02]
   [ 5.70929348e-02 -1.22586247e-02 -8.65849406e-02  8.15167725e-02
    -8.14115033e-02]]]


 [[[ 1.09496266e-02  1.84741020e-02 -1.84543952e-02 -7.24752024e-02
    -8.81673396e-02]
   [-4.95228581e-02 -1.58946931e-01 -1.86189115e-01 -5.56337386e-02
    -9.93173718e-02]
   [-1.02054238e-01 -1.09196007e-02 -5.43637723e-02  1.34513676e-02
    -6.46302104e-02]
   [ 3.43376622e-02 -5.93896545e-02 -3.74644995e-04  3.98348570e-02
     2.59050727e-03]
   [-1.07453048e-01 -1.65920317e-01 -1.10353529e-02  5.45518100e-03
    -1.41741946e-01]]

  [[-1.70523494e-01 -1.68563038e-01 -2.02811420e-01 -2.71701157e-01
    -3.31306517e-01]
   [-1.44709557e-01 -2.66331851e-01 -2.39809602e-01 -2.97119081e-01
    -2.83072263e-01]
   [-1.69309869e-01 -2.80527860e-01 -1.80435956e-01 -3.36686194e-01
    -2.49291360e-01]
   [-2.70621300e-01 -2.39441335e-01 -2.44372576e-01 -2.49813497e-01
    -3.34827244e-01]
   [-2.54443705e-01 -3.15716267e-01 -2.41434187e-01 -2.25431904e-01
    -3.78961444e-01]]

  [[-4.30071540e-02 -5.82913570e-02 -1.48098730e-02 -6.43549040e-02
    -3.06630395e-02]
   [ 6.88319430e-02  1.60949565e-02  4.09091357e-03  2.06557084e-02
     2.38767476e-04]
   [ 2.23961137e-02  3.34319212e-02 -4.42388132e-02 -7.77594969e-02
    -4.07039523e-02]
   [-6.90280795e-02 -5.22348210e-02  5.87106124e-02 -2.08295807e-02
     6.23868145e-02]
   [-6.07644282e-02  6.93976283e-02 -6.17666692e-02  9.21240002e-02
     8.43222514e-02]]

  [[-1.15522444e-01 -1.47152245e-01 -3.51324648e-01 -3.26144934e-01
    -1.73844874e-01]
   [-2.16442794e-01 -2.37739637e-01 -3.34594518e-01 -2.42616519e-01
    -2.22825617e-01]
   [-5.05560040e-02 -2.61567861e-01 -3.37596506e-01 -2.21189737e-01
    -3.90370250e-01]
   [-2.47896641e-01 -2.72067934e-01 -3.69828105e-01 -2.18400180e-01
    -3.00351351e-01]
   [-2.47512490e-01 -2.41408601e-01 -2.76516408e-01 -3.07184488e-01
    -3.04712534e-01]]

  [[-1.17487766e-01 -1.17275998e-01 -1.10235892e-01 -6.49837404e-02
    -1.37553290e-01]
   [-5.25370389e-02 -7.80811608e-02 -1.48655027e-01 -1.27380058e-01
    -1.85293913e-01]
   [-8.81617963e-02 -1.92828149e-01 -1.00173727e-01 -1.02595858e-01
    -6.24269247e-02]
   [-3.90050337e-02 -7.49260187e-02 -1.34052128e-01 -1.60810515e-01
    -1.08571537e-01]
   [-4.04397473e-02 -6.95268884e-02 -5.02071828e-02 -1.48474276e-01
    -2.01803923e-01]]

  [[ 2.79662646e-02  3.91711742e-02 -6.28139004e-02  5.41618057e-02
    -2.59919595e-02]
   [ 4.00379114e-02  2.15934385e-02  3.73472162e-02 -1.21811489e-02
     7.39361579e-03]
   [ 1.01602608e-02 -6.61741495e-02 -7.42908493e-02  8.19374323e-02
    -4.98397425e-02]
   [-2.01649405e-02 -4.93415445e-02 -5.11232987e-02  5.84586933e-02
     3.87715138e-02]
   [-1.08711561e-02  8.95810351e-02  8.19295552e-03 -7.88315609e-02
    -4.97646853e-02]]]


 ...


 [[[-7.67995864e-02 -4.66705859e-02 -3.94505076e-02 -2.51237489e-03
     1.24738097e-01]
   [-3.46289948e-03 -4.67837788e-02 -5.24269268e-02 -8.75780359e-04
     8.42931867e-02]
   [ 1.88649856e-02  9.44910496e-02  6.96579665e-02 -6.38582185e-02
     3.13900560e-02]
   [-6.29338771e-02 -8.16827044e-02 -3.36730592e-02  6.32185489e-02
    -2.64350465e-03]
   [-2.81946361e-02  7.92116374e-02 -2.11120490e-02  2.94728316e-02
    -4.70651574e-02]]

  [[ 7.15946555e-02 -8.92951190e-02  8.47576708e-02  4.51004505e-02
    -1.33627336e-02]
   [ 4.46155556e-02 -2.23094989e-02  1.44549832e-02  4.42972817e-02
    -3.85279581e-02]
   [-1.05597541e-01  7.02951103e-02 -5.12251034e-02  3.30552980e-02
     1.08541995e-02]
   [ 8.94210115e-02 -3.15628573e-03 -1.18029669e-01 -8.52267668e-02
    -9.86052006e-02]
   [-2.87285373e-02  5.08542918e-02  1.68433823e-02 -1.42915756e-01
     5.31591624e-02]]

  [[-7.53213465e-02  6.16290011e-02  6.48279581e-03 -6.97049797e-02
    -7.65610561e-02]
   [ 6.19903989e-02 -1.88448094e-02  1.51382107e-02  3.42883691e-02
    -4.65898663e-02]
   [-1.36938440e-02 -6.45159706e-02 -7.96479285e-02  4.71665673e-02
    -5.41299134e-02]
   [ 8.84023383e-02 -1.00545706e-02 -6.22220486e-02 -7.31899887e-02
    -4.34740484e-02]
   [-3.49467807e-02  3.69384349e-03  8.05416852e-02 -5.54878684e-03
    -3.49891633e-02]]

  [[-1.04354829e-01 -4.84761484e-02  4.98781800e-02  1.81814842e-02
     5.78413904e-03]
   [ 3.91187668e-02 -5.61870225e-02  1.69824176e-02  7.69961029e-02
    -3.35529521e-02]
   [-4.13949154e-02 -6.05335608e-02 -1.19206935e-01  7.50343502e-02
     7.88452774e-02]
   [-5.89946955e-02  3.26807722e-02 -1.17937513e-01 -3.31128985e-02
     9.08740703e-03]
   [-1.56922266e-03 -3.39378640e-02 -5.69608733e-02  6.66006561e-03
    -1.03700340e-01]]

  [[-3.11450697e-02 -1.75727978e-02  1.44983660e-02 -2.65412237e-02
     7.74243101e-02]
   [ 4.05758061e-02  3.81251350e-02  4.22118939e-02  4.73683998e-02
    -3.56388688e-02]
   [-7.63415322e-02 -8.20799544e-03  7.16407523e-02 -5.37924953e-02
     1.14608239e-02]
   [ 5.21969460e-02  1.51782706e-02  4.75488491e-02 -7.86259249e-02
    -8.83256197e-02]
   [-2.63647139e-02 -3.96722965e-02  2.49920469e-02  7.22508132e-02
    -1.31684300e-02]]

  [[ 6.36037439e-02  9.22409073e-03  3.78869586e-02  3.60643603e-02
     4.69795391e-02]
   [ 1.67755224e-02 -6.32892102e-02 -8.09438154e-02  4.01377631e-03
     1.12509737e-02]
   [-2.39413437e-02  5.00925556e-02  9.19679925e-02  7.57583603e-02
    -1.35399438e-02]
   [-7.40097538e-02  8.76373351e-02  7.56151527e-02 -7.17328861e-03
    -6.74180221e-03]
   [-2.34184992e-02 -8.13229941e-03 -8.91431347e-02  8.90333056e-02
    -5.76687865e-02]]]


 [[[-7.09679425e-02  7.24684298e-02  7.62278289e-02 -2.63461694e-02
    -6.02583811e-02]
   [ 2.76036393e-02  6.96917623e-02  7.56354034e-02 -7.00891390e-02
     5.53520434e-02]
   [ 7.06621818e-03  2.52176523e-02 -1.16362460e-02  3.89363654e-02
    -3.65651958e-02]
   [ 5.98216057e-02  3.47906388e-02  1.20115921e-01 -2.75084637e-02
    -6.77673146e-02]
   [ 7.24816322e-02  8.48454386e-02 -1.13592818e-02  6.10697754e-02
    -5.44988737e-02]]

  [[ 1.72420889e-02  6.78121448e-02  5.14330864e-02  2.96870619e-03
    -1.46537527e-01]
   [-3.44075039e-02  6.71018288e-02  6.90989196e-02 -1.01165712e-01
    -9.80900303e-02]
   [ 1.06769018e-01 -5.00616133e-02  1.85447931e-03 -4.95238751e-02
    -1.01256408e-01]
   [-6.25956133e-02  5.19922897e-02  1.16878957e-01  1.04419060e-01
     8.04817677e-02]
   [-1.20410018e-01 -2.88444757e-03 -4.91742156e-02 -9.43209231e-03
    -4.69829887e-03]]

  [[-1.13177225e-02  5.48309460e-02  3.99151854e-02  5.27068973e-02
    -4.67105582e-02]
   [-5.69853932e-02  1.66345499e-02 -4.10661027e-02 -6.11539669e-02
    -1.64164975e-02]
   [-5.62742725e-02  8.99828412e-03 -7.52827004e-02 -6.61917180e-02
     8.00882056e-02]
   [-7.01632649e-02 -7.23325163e-02  7.84945488e-02  1.61062311e-02
     2.60489751e-02]
   [ 4.06575836e-02 -3.04384548e-02  8.56801271e-02  2.69728974e-02
     5.69336340e-02]]

  [[ 3.49440873e-02 -1.17140591e-01 -7.68361613e-02  1.93488151e-02
    -7.80394524e-02]
   [-1.02558106e-01 -1.88195556e-02  3.24252993e-03 -5.70147336e-02
    -1.69995427e-01]
   [-7.73416534e-02  1.04596317e-01  6.24348670e-02 -3.29522043e-02
    -7.77487159e-02]
   [-6.87251389e-02 -1.10389963e-02 -1.33428276e-02  8.14383104e-02
    -2.41725966e-02]
   [-6.09511137e-03 -1.10531762e-01  5.39448261e-02  3.46672907e-02
     7.18141943e-02]]

  [[ 4.16534171e-02  5.16869947e-02 -1.55411661e-03 -5.58272898e-02
     3.17739844e-02]
   [-3.83572280e-02  5.24852574e-02  5.47230951e-02 -6.85561746e-02
     4.30837236e-02]
   [ 5.14438339e-02 -3.00032161e-02 -7.36588389e-02 -3.65014747e-02
    -6.92390874e-02]
   [-3.09664384e-02  1.63573772e-02 -6.24690764e-02 -2.59532742e-02
     5.21855354e-02]
   [-6.25517964e-03 -4.42952886e-02 -4.28662226e-02 -4.64109518e-02
     6.27405196e-02]]

  [[-1.40858777e-02 -7.50012174e-02  8.92467648e-02  7.51865208e-02
     3.65996659e-02]
   [-6.27906173e-02 -8.83771926e-02 -1.10471966e-02  7.48522161e-03
    -5.07009625e-02]
   [-5.25845289e-02 -5.90475202e-02  6.40659407e-02  2.43278197e-03
     6.74074590e-02]
   [-6.07690122e-03 -8.78156442e-03 -3.54850627e-02  3.13730091e-02
    -4.87890765e-02]
   [-4.51248065e-02 -3.94086540e-02 -8.45199153e-02  5.83162643e-02
     3.60972248e-02]]]


 [[[-1.31333649e-01 -8.90522301e-02 -8.56870487e-02 -9.82965454e-02
    -1.72626093e-01]
   [-1.10302597e-01 -7.29832649e-02 -5.55416271e-02 -9.51000750e-02
    -6.08525574e-02]
   [-1.35001615e-02 -4.37207110e-02 -1.84635162e-01 -1.68730646e-01
    -6.99146315e-02]
   [ 1.91351920e-02 -1.28768414e-01 -2.16939449e-02 -1.61772519e-01
    -1.07264072e-01]
   [ 2.24324539e-02 -1.01154268e-01 -1.62997574e-01 -4.36908528e-02
    -4.23623398e-02]]

  [[-1.85677618e-01 -1.00952171e-01 -1.98211282e-01 -2.38883421e-01
    -1.68039545e-01]
   [-1.66795284e-01 -1.29391968e-01 -1.46868080e-01 -1.17916107e-01
    -2.15512931e-01]
   [-5.65244332e-02 -1.88477755e-01 -1.16321303e-01 -2.13964269e-01
    -2.08309531e-01]
   [-1.82439208e-01 -6.41368628e-02 -1.22577392e-01 -2.30035394e-01
    -1.19425490e-01]
   [-1.21224895e-02 -1.28384128e-01 -1.99232340e-01 -2.62429953e-01
    -1.69143468e-01]]

  [[ 5.34862503e-02 -5.64091392e-02 -3.81023157e-04  1.60120521e-02
     3.83397490e-02]
   [-7.69147575e-02  1.02474159e-02  3.77196372e-02  8.03692862e-02
     4.99507263e-02]
   [-6.68476894e-02  5.79526797e-02  5.08431830e-02 -7.34927133e-02
    -3.01278792e-02]
   [ 7.43857026e-02 -6.28973693e-02 -6.08949456e-03 -4.89683188e-02
    -2.39543580e-02]
   [ 2.06433795e-02  4.86140251e-02 -8.60830322e-02  6.90180659e-02
     7.39076436e-02]]

  [[-3.26464958e-02 -5.06487116e-02 -2.19277918e-01 -1.38848901e-01
    -1.54470474e-01]
   [-1.30107254e-01 -6.77708983e-02 -1.72539324e-01 -1.50387630e-01
    -2.56388664e-01]
   [-2.03064010e-02 -1.43914580e-01 -8.67016464e-02 -1.67328581e-01
    -1.50080144e-01]
   [-8.50145668e-02 -9.64600891e-02 -1.71862692e-01 -9.52358544e-02
    -1.69053391e-01]
   [-1.47030890e-01 -1.60922468e-01 -1.18969932e-01 -1.23765029e-01
    -1.91655949e-01]]

  [[-3.74721922e-02 -1.88294835e-02 -1.78550072e-02  1.18860230e-03
    -6.86654747e-02]
   [-5.19422144e-02 -8.21604282e-02 -1.07622355e-01 -8.80852342e-02
    -7.66770393e-02]
   [-9.16701853e-02 -5.49227148e-02 -1.15254261e-01 -8.07114169e-02
    -1.78918634e-02]
   [-3.40408087e-02 -2.11704709e-02  1.46210827e-02  3.03280652e-02
    -9.03524905e-02]
   [-3.55212912e-02 -2.86907032e-02 -1.01314574e-01  8.81417841e-03
    -8.86469148e-03]]

  [[-3.48272510e-02  2.13270336e-02  6.41786605e-02  3.36497165e-02
    -7.80518875e-02]
   [-7.29464516e-02  2.26568803e-02  4.37771939e-02  2.33568456e-02
    -3.99220400e-02]
   [-6.69114143e-02  4.68784086e-02 -3.46631147e-02  5.23515157e-02
     1.24037582e-02]
   [ 2.26883441e-02  1.36353942e-02 -1.13593237e-02 -8.95472169e-02
     8.35295841e-02]
   [ 1.75852571e-02  7.03019574e-02  3.59460860e-02 -5.45527190e-02
    -1.79721657e-02]]]]
<NDArray 16x6x5x5 @gpu(0)>, 
[[-0.05320885 -0.0175491  -0.0096627  ...  0.02575634  0.0253118
   0.07787843]
 [ 0.00493286 -0.05506105 -0.08795064 ... -0.07953846 -0.04521645
   0.0272032 ]
 [-0.02602551  0.01599421  0.05866193 ...  0.04895395 -0.03407526
  -0.02774399]
 ...
 [-0.08672799 -0.10893098  0.00840845 ... -0.07494617 -0.0116921
  -0.09906157]
 [ 0.03073657  0.04204975  0.06765463 ... -0.10929736 -0.04873344
   0.04150028]
 [ 0.04114148  0.09181798 -0.03346574 ... -0.03046968 -0.09267911
   0.02782742]]
<NDArray 120x256 @gpu(0)>, 
[[ 1.2242526e-01 -8.9033425e-02 -3.6215618e-02 ...  4.3743826e-03
   7.5333565e-02 -9.7202212e-02]
 [ 5.1849701e-02 -7.4120022e-02  1.2537870e-01 ...  1.6636020e-02
  -6.9821909e-02 -3.0524058e-02]
 [ 9.9493667e-02  2.8792739e-02  9.9157900e-02 ...  1.4725937e-01
  -4.5611657e-02 -4.3908935e-02]
 ...
 [-3.3595836e-01  4.3330897e-02 -6.4709805e-02 ... -4.1682679e-02
  -6.7915343e-02 -4.3682251e-02]
 [-7.4154437e-02  1.1058216e-01  1.5106183e-01 ...  8.9720897e-02
  -1.0091650e-01 -3.0331822e-02]
 [-2.7327636e-01  9.6431881e-02  2.4889493e-02 ... -3.5378095e-02
   8.2165457e-02 -4.8482791e-05]]
<NDArray 84x120 @gpu(0)>, 
[[-4.69136015e-02  1.56153545e-01  1.28834531e-01 -1.24452628e-01
   5.61459027e-02 -4.59023267e-02  6.89503774e-02  2.95014456e-02
   2.72820175e-01  7.48018362e-03 -2.61680692e-01 -2.48442870e-02
  -1.65096909e-01  1.16310097e-01  2.97440216e-02 -1.67477429e-02
  -9.16566253e-02 -1.37659106e-02  1.45610064e-01  9.16222855e-02
  -2.33884826e-02  2.43991211e-01 -5.44034392e-02 -7.54075199e-02
  -8.81112218e-02 -1.84995934e-01  5.36233187e-03 -7.62675107e-02
   1.32077888e-01  9.45458710e-02  3.35747115e-02 -2.24806994e-01
   2.58755773e-01  2.04518452e-01  5.33357188e-02 -5.38903549e-02
  -2.99442485e-02 -1.21713668e-01  1.73135474e-01  2.54352093e-01
  -5.52023873e-02 -1.75844967e-01 -2.42910478e-02  3.01366836e-01
   2.26123706e-01 -4.45827544e-02  2.39450693e-01  1.61768179e-02
   2.67844088e-02 -1.68982185e-02 -1.75916001e-01 -5.59847206e-02
   1.83155105e-01 -2.53595449e-02  8.83803219e-02 -1.34504037e-02
   2.17967480e-01  5.95200509e-02  1.84245617e-03  2.11538389e-01
  -2.07342818e-01 -1.71079546e-01 -2.65195310e-01  1.65297687e-02
  -1.30161583e-01 -1.65083393e-01  1.65735409e-01 -9.22503322e-02
   2.95959711e-02 -1.18169695e-01  3.64266373e-02  2.03892604e-01
   1.76244050e-01 -1.90353304e-01 -1.59953699e-01 -8.93209651e-02
  -1.28688276e-01 -3.05135846e-02 -1.07316114e-02  2.85779890e-02
   2.18867853e-01  1.64251894e-01  2.79184669e-01 -1.34248585e-02]
 [-1.64023429e-01  7.30982482e-01  3.92432898e-01 -9.62951183e-02
  -9.18866545e-02  9.49178487e-02  3.31973106e-01  3.43004577e-02
   6.73568785e-01  2.78047174e-02  1.97332114e-01  1.24821529e-01
   2.07226098e-01 -1.82633102e-03  3.74277011e-02  2.80389130e-01
  -1.58731446e-01  6.55437727e-03 -3.46510112e-03 -1.03635363e-01
  -1.65016323e-01  3.31869334e-01  1.06110871e-01  7.77419031e-01
  -1.71007976e-01  1.30982906e-01 -7.29081482e-02  1.05288193e-01
   2.72602499e-01 -9.13766623e-02  1.57837376e-01  3.03550959e-01
   1.29230231e-01 -1.61773026e-01 -1.90570414e-01 -4.42676023e-02
   8.71069282e-02 -9.71644893e-02 -1.10981226e-01  1.23814666e+00
  -1.65345103e-01 -1.58307552e-02 -1.72131717e-01  3.38791162e-01
  -8.89459848e-02  1.46779001e-01 -9.89402980e-02 -2.18257859e-01
   1.38562605e-01 -1.72058180e-01 -8.46785009e-02  1.01346195e-01
  -1.36537403e-01  1.65342256e-01 -1.99484453e-01  1.65926322e-01
  -9.44414288e-02  1.44601196e-01  1.21375695e-01  8.40801932e-03
  -9.28886756e-02 -9.87761393e-02  3.22677076e-01 -2.07356021e-01
   1.47414893e-01  6.04116499e-01  1.51620448e-01 -9.80486497e-02
   2.10589036e-01 -1.55364186e-01 -2.19662130e-01  2.21219449e-03
  -1.41977653e-01  7.31515065e-02  9.40465480e-02 -1.49220318e-01
  -7.17429742e-02  3.25401068e-01  4.21793759e-01  1.45673901e-01
  -1.05575785e-01  6.09928012e-01  6.36214614e-01 -9.89961550e-02]
 [ 2.09574744e-01  6.13965154e-01  3.71697962e-01 -8.36165994e-02
  -2.44565696e-01  1.36567309e-01  4.69981134e-02  5.51662408e-02
   7.77622163e-01 -2.63492197e-01 -2.66459197e-01 -7.44724348e-02
   1.85791522e-01 -5.51974028e-02 -9.35699716e-02  3.91670525e-01
   2.30730772e-02  8.02594423e-02 -2.35747993e-02  3.59813094e-01
  -1.40017271e-01  4.31291647e-02  3.08861107e-01  1.21698618e-01
   1.24364637e-01  1.99695721e-01  5.01961112e-01  1.49165571e-01
   3.44014645e-01 -2.57651601e-02  1.37053803e-03  1.18826497e-02
   2.43492544e-01  6.99199853e-04  1.75967276e-01 -1.03764899e-01
   1.86833292e-01 -8.80297497e-02  1.25579119e-01  6.83832109e-01
   8.73352438e-02  1.68928012e-01 -2.38403548e-02  1.56910896e-01
  -9.19685066e-02  2.12314174e-01  2.34358311e-02 -6.88042715e-02
  -1.53794631e-01  4.56852242e-02  1.70283958e-01  4.25114185e-02
   6.12041205e-02 -2.79268157e-02 -9.30175781e-02  2.18333036e-01
  -3.74784656e-02  3.60172614e-02  3.38469632e-02 -8.29544067e-02
  -1.27398029e-01 -9.76811573e-02  3.50262195e-01 -1.09663799e-01
   1.60800427e-01  4.32544529e-01 -1.24081271e-02  1.46375731e-01
  -1.03445746e-01 -1.55067608e-01  1.61790088e-01  2.16087475e-01
  -2.24496443e-02 -8.89432803e-02 -3.87351289e-02  1.85645252e-01
   1.99846938e-01  4.30724204e-01  7.61389285e-02 -5.47867753e-02
  -8.43025222e-02  2.66738147e-01  3.95838380e-01 -8.72295573e-02]
 [-3.30137521e-01 -1.70819625e-01 -6.69033051e-01 -1.37506068e-01
  -5.50364405e-02 -2.17032909e-01  2.20812753e-01  4.50483188e-02
   3.42245102e-02 -2.93901414e-02 -1.53226376e-01 -1.20887510e-01
  -1.37190729e-01  1.19784579e-01  8.61565024e-03  4.85498607e-02
  -6.66060299e-02 -1.55744374e-01 -3.09077561e-01 -3.76010180e-01
   3.22009102e-02 -1.78535298e-01 -1.56628460e-01 -2.99240589e-01
   1.13271952e-01  1.01158403e-01 -3.51750106e-01  4.95066158e-02
   1.88093092e-02  2.82425940e-01 -1.37936637e-01 -3.28621984e-01
  -1.62074983e-01 -1.77383751e-01 -3.59584987e-02 -9.32543874e-02
  -1.50683429e-02  2.68452447e-02  1.14830099e-01  3.31893563e-01
  -3.06977108e-02 -1.17932811e-01  1.92692280e-01 -4.85608391e-02
  -7.95069784e-02 -1.13433957e-01 -3.06717604e-01  7.08631203e-02
  -1.42875567e-01 -4.96136909e-03 -2.03822896e-01  1.52794242e-01
   3.17068547e-02 -3.01268488e-01 -2.81901598e-01 -1.10694326e-01
   2.11848781e-01 -1.41716361e-01  3.32326531e-01  2.94772573e-02
  -1.95322290e-01  1.07799381e-01 -3.32999825e-01  2.08621264e-01
  -3.59898031e-01 -1.16338372e-01  8.99739265e-02  2.78383493e-03
  -8.06849450e-02 -1.17877536e-01 -2.77512223e-01  3.66304740e-02
   4.88603786e-02 -2.32862353e-01  2.06561640e-01  1.42313913e-01
  -4.60662991e-01 -5.89548051e-02 -2.83629030e-01  1.50452510e-01
  -5.34958243e-02 -5.81790805e-02  1.07234731e-01  1.92602023e-01]
 [ 1.28250927e-01  5.65507114e-01  2.72682697e-01  1.02001950e-01
   2.05216363e-01 -1.62400752e-01  3.15778434e-01 -1.27451867e-01
   5.29038012e-01  8.17113221e-02  1.83932558e-01  3.89052629e-01
   1.71728969e-01  1.75080925e-01  1.61251277e-01  2.94788182e-02
   1.16722599e-01  6.60518929e-02  4.12177563e-01  8.02233443e-02
  -5.78942485e-02  2.95840576e-02  5.48365638e-02  3.36892128e-01
   1.58467248e-01 -2.28289329e-02  2.21414000e-01  1.05274215e-01
   7.82942548e-02 -3.90598923e-02 -6.88862354e-02 -1.90522760e-01
   5.51111519e-01  8.81702229e-02  1.46557331e-01  1.47271723e-01
  -1.63459808e-01 -1.64728284e-01  2.74153836e-02  6.39977157e-01
  -6.45059161e-03  1.77735731e-01  1.41264245e-01 -6.85754791e-02
  -1.41099885e-01 -1.30749479e-01  3.40923190e-01  1.60571158e-01
   1.12179041e-01  1.35489464e-01 -2.06173375e-01  7.33172894e-02
   2.67540365e-02 -1.30234629e-01  1.94166973e-01  1.13234483e-01
   1.91407174e-01  2.55734622e-01  2.41040379e-01  4.23539430e-02
   1.08757213e-01  1.78663000e-01  1.69385836e-01  7.62553886e-02
  -1.24703012e-01  9.72461104e-02  1.33221164e-01 -2.18329281e-02
  -2.17460558e-01  2.13626802e-01  1.42679229e-01 -1.08063839e-01
   8.82889628e-02  2.97312587e-01 -1.66362867e-01 -7.29623660e-02
  -1.11113541e-01  1.63208902e-01  4.97802831e-02  8.68482888e-02
   5.26893837e-03  2.01177806e-01  1.76725000e-01 -1.66965082e-01]
 [ 1.06028907e-01  6.09418601e-02 -1.28705818e-02  1.47621214e-01
  -1.57220185e-01  1.25192717e-01  1.62581578e-01  5.40133342e-02
  -1.69501901e-02 -2.76813423e-03 -6.46920353e-02 -6.31175339e-02
   9.40437764e-02  6.23889174e-03 -8.10400695e-02  2.65645266e-01
   4.35985774e-02  1.33315638e-01  1.60322219e-01 -2.41918907e-01
   1.45211354e-01  1.74193889e-01  2.12152511e-01  4.29523885e-02
  -2.15230018e-01 -1.42115504e-01 -8.72399211e-02 -5.68497926e-02
   3.95963863e-02  2.44914055e-01 -1.84599817e-01 -1.26195744e-01
   1.18536346e-01  1.36687756e-01 -9.65090469e-03 -2.13477369e-02
   1.43410817e-01  3.78667563e-02  1.92898527e-01  1.61101624e-01
  -2.38264754e-01  1.36366710e-01 -1.16239510e-01  1.11564070e-01
   9.60425138e-02  3.84377576e-02 -1.21475317e-01  1.30147442e-01
  -1.63026989e-01  2.90242545e-02  3.96607630e-02  5.31407967e-02
  -1.44293040e-01 -2.10256338e-01  1.24295570e-01  8.02546740e-02
   1.55851886e-01 -9.07470509e-02 -8.93562064e-02 -1.28528774e-01
  -1.58347532e-01  1.85643733e-01  6.29993230e-02 -3.66816856e-02
  -2.32918337e-01 -1.66369557e-01  1.38703272e-01 -1.74766570e-01
   3.51458602e-03  1.84284806e-01  1.76109657e-01 -8.85921493e-02
   2.20645934e-01  1.23925805e-01 -1.13975480e-01 -7.09078312e-02
   1.54627383e-01  4.83839214e-02  1.05779916e-01  1.78522244e-01
  -1.05464041e-01  1.93788290e-01  2.53348351e-01  1.58905134e-01]
 [ 2.45009124e-01  3.72045606e-01  1.30931437e-02  1.96926594e-01
  -2.47931570e-01 -4.97014374e-02  1.43378273e-01 -1.56212255e-01
   3.51936162e-01 -1.49865240e-01 -2.51127362e-01 -1.37536138e-01
   1.97155610e-01  1.05068788e-01  1.67354122e-01  1.35967404e-01
  -1.23471677e-01  1.90327000e-02  1.71855599e-01  1.02490544e-01
  -1.56226680e-02  7.66622946e-02  8.56231153e-02  2.32924461e-01
   1.27460491e-02 -4.68519740e-02  2.27677096e-02  5.32287396e-02
   2.43543074e-01 -9.34088081e-02 -2.33753443e-01 -7.71698803e-02
   3.21753025e-01 -2.15191813e-03  3.65034640e-02 -6.37402944e-03
   4.29621286e-05  1.46907121e-01 -1.81836590e-01  5.50229132e-01
   1.56414628e-01  4.03266996e-02  1.06724635e-01 -9.80228484e-02
  -1.58383742e-01  2.20827878e-01 -8.33624750e-02  1.91837206e-01
   1.57076597e-01 -1.50613025e-01 -1.02694798e-03  4.09056127e-01
  -1.60004437e-01  2.67946362e-01 -2.01972932e-01 -1.88273564e-01
   1.49156809e-01  1.17894374e-01  1.99826106e-01 -2.13569328e-02
  -1.04932241e-01  1.13827400e-01  1.05680607e-01  9.78262648e-02
  -1.19031399e-01  2.34733835e-01  1.26123741e-01 -5.93831986e-02
  -7.60652171e-03  1.84023470e-01  1.82477295e-01  1.93384327e-02
   1.95020810e-04 -2.67596692e-01  1.80867285e-01  1.69387266e-01
  -1.33921102e-01  2.50948220e-01 -7.45943710e-02 -2.12175876e-01
   1.96501333e-02  3.03453684e-01  4.80427504e-01  2.10406035e-01]
 [-2.66002834e-01  4.58310582e-02 -4.40188684e-02  1.15209252e-01
   1.29594952e-01  1.12291589e-01  1.05337918e-01  1.36233017e-01
   1.67611629e-01  6.93021566e-02  1.09554812e-01 -1.98013589e-01
   1.72966033e-01 -1.68382466e-01 -1.06378496e-02  1.89623684e-02
  -7.93460011e-02  1.94596455e-01  9.73965228e-02 -6.49440214e-02
   3.15175839e-02 -1.54705331e-01  3.71720076e-01  2.87203103e-01
  -1.88617662e-01 -6.80848286e-02 -1.28566206e-01  6.12257570e-02
   2.30606019e-01 -9.12077650e-02  4.05089781e-02 -1.03961252e-01
   3.32452923e-01  9.60432887e-02 -2.19003409e-01  1.90368518e-01
  -6.52033761e-02 -1.54254302e-01  2.75900215e-02  4.53748226e-01
  -8.51858482e-02 -4.12403047e-03  2.47085057e-02 -8.50446150e-02
   5.60470633e-02  1.26579702e-01 -8.02790448e-02 -1.28435388e-01
  -2.82524645e-01 -1.33117869e-01 -6.46287128e-02  3.30355942e-01
  -1.71127766e-01 -1.90991119e-01 -1.93174884e-01 -3.49263486e-04
   1.68522254e-01 -1.66133702e-01  1.03752159e-01 -8.09350461e-02
  -1.22079276e-01 -2.15738639e-01  1.15270063e-01 -9.04958993e-02
  -2.76309341e-01  3.84957761e-01  1.00237496e-01 -1.14249550e-01
  -6.58053393e-03  9.82955769e-02  1.99473165e-02  2.00272828e-01
  -6.79140463e-02 -2.19031170e-01  3.61468010e-02 -1.29198745e-01
  -3.41072083e-02  4.34616327e-01 -5.65726645e-02  1.03744254e-01
  -6.04308546e-02  1.50295943e-01  1.73353776e-01  1.58006296e-01]
 [ 1.60199493e-01  4.08795536e-01  7.13540465e-02  1.57249644e-01
   4.54570279e-02  1.34388968e-01 -9.27808285e-02 -1.51643917e-01
   2.13156074e-01 -1.96573474e-02 -9.99845043e-02 -1.97047457e-01
  -5.17080128e-02 -1.69986621e-01  5.38545623e-02 -9.76112708e-02
   2.06944719e-01  5.26276184e-04  1.31883934e-01 -1.64398532e-02
  -8.58597830e-02 -5.38413506e-03  2.07904711e-01  4.11511183e-01
   5.54080606e-02  9.68572870e-02  1.23284429e-01 -5.57854697e-02
   7.52733722e-02  1.27081588e-01  3.14596832e-01  2.66985059e-01
   1.06032789e-01 -1.80899110e-02 -1.14272073e-01  8.54356214e-02
   8.31175130e-03  1.70427233e-01  1.84451714e-01  2.69651353e-01
   9.03642103e-02  1.93168297e-01 -1.30513618e-02  2.31332645e-01
   7.56781846e-02 -6.22896291e-02  8.76004100e-02  2.48589888e-02
   2.59725392e-01  7.87785202e-02  1.75492108e-01 -1.02575600e-01
  -2.15730578e-01 -5.42439185e-02  9.38190520e-02  1.81167275e-01
  -5.01412600e-02  1.53738394e-01  1.35037005e-01 -1.20298760e-02
   4.78356667e-02 -1.15646489e-01  1.61709547e-01 -1.62515312e-01
  -2.06869077e-02  1.50269434e-01 -1.91693678e-01  1.63170949e-01
   1.23211458e-01  6.63147122e-02  1.78658873e-01 -3.05687506e-02
  -1.31436050e-01  4.39580977e-02 -1.22052878e-01  1.18320912e-01
   1.41449049e-02  6.05100170e-02  1.07908681e-01 -9.76562351e-02
   1.78377941e-01 -7.46983290e-03  8.79469514e-02  1.17067575e-01]
 [ 5.83599471e-02 -2.69523454e+00  5.03638446e-01 -1.77932069e-01
   2.63160020e-01  7.47199804e-02 -1.28548515e+00  2.09345579e-01
  -3.35253668e+00  2.36384839e-01  8.61572176e-02 -3.09315473e-01
  -7.00341910e-02 -2.11094543e-01  1.49614632e-01 -1.05432177e+00
   1.25242457e-01 -4.38538134e-01 -9.40350592e-01 -4.83416170e-02
  -1.67433783e-01 -6.23180926e-01 -1.27864361e+00 -1.71774530e+00
  -1.82590842e-01  2.26651490e-01  5.61635420e-02  3.74072641e-02
  -8.35499048e-01 -8.79085660e-01  2.01320261e-01  3.27318788e-01
  -2.07239151e+00  3.62525433e-02  8.26508999e-02 -1.24764815e-01
  -9.70284864e-02  1.03593215e-01 -1.16298974e-01 -5.04786253e+00
   1.80762678e-01  1.24560699e-01 -1.25922129e-01 -1.08863235e+00
   2.44839177e-01 -1.02442992e+00 -8.68748665e-01 -2.81974450e-02
   9.62694287e-02 -1.03574842e-01 -1.87311009e-01 -1.26998067e+00
   1.08930811e-01 -5.86930275e-01  1.29614770e-03 -8.17856118e-02
  -1.64245084e-01 -1.59503520e-03 -1.61824083e+00  1.40105542e-02
  -9.39962342e-02 -6.21707924e-02 -9.01500881e-01  1.72821790e-01
   5.50514981e-02 -1.08638906e+00  7.02003762e-02 -1.92999452e-01
   1.24577366e-01 -1.63049921e-02 -2.45825872e-02 -1.41558886e-01
   1.19802400e-01  4.02047813e-01  1.04445435e-01  1.85397059e-01
   2.25615174e-01 -1.86624622e+00  1.23723626e-01 -7.94460028e-02
  -3.52541775e-01 -2.14346695e+00 -2.66938186e+00 -4.23571259e-01]]
<NDArray 10x84 @gpu(0)>]