[
[[[[-0.57215756 -0.684692   -0.71073544 -0.665922   -0.67113256]
   [-0.57850623 -0.79872555 -0.73840266 -0.83066833 -0.6651958 ]
   [-0.6843829  -0.84439445 -0.8107501  -0.762099   -0.5068193 ]
   [-0.8489114  -0.6305523  -0.7734656  -0.6457271  -0.5651926 ]
   [-0.62797844 -0.60990036 -0.6104423  -0.5478134  -0.47170925]]]


 [[[-0.7773218  -0.70619977 -0.7835196  -1.0630869  -0.96070194]
   [-0.94340557 -0.88668984 -1.1656985  -1.1233107  -0.910818  ]
   [-0.7860991  -0.96888834 -1.2479631  -1.0465679  -0.9193641 ]
   [-0.8673981  -1.1405814  -1.0776227  -1.0619395  -0.96942276]
   [-0.99353874 -0.97560596 -1.0018549  -1.0859302  -0.74778324]]]


 [[[-0.03340315  0.12047281  0.01986867  0.10330324 -0.16551602]
   [-0.13660067 -0.09141815  0.12466774 -0.12372333 -0.07848987]
   [-0.14351252 -0.05823189 -0.12369978 -0.04928434 -0.0573867 ]
   [ 0.04031283 -0.05552565  0.10794782 -0.00972423  0.0883803 ]
   [-0.04251615 -0.08139256  0.02816513 -0.01639017 -0.10699453]]]


 [[[-0.61675787 -0.5500361  -0.7864655  -0.8964065  -0.7101635 ]
   [-0.6077099  -0.62051773 -0.8366741  -0.83810127 -0.73904276]
   [-0.7368614  -0.93896973 -0.7201533  -0.9268397  -0.6498825 ]
   [-0.68791014 -0.7778383  -0.70456874 -0.70198065 -0.7610859 ]
   [-0.89520586 -0.71969265 -0.7446141  -0.58916277 -0.5027657 ]]]


 [[[-0.18765533 -0.25560248 -0.32450163 -0.06873997 -0.1741484 ]
   [-0.03634632 -0.19561183 -0.1969612  -0.23650746 -0.25052428]
   [-0.21062544 -0.28665122 -0.29741672 -0.15531692 -0.15850559]
   [-0.29188642 -0.27028054 -0.2239842  -0.28579348 -0.15597817]
   [-0.1464854  -0.10654406 -0.2024262  -0.1366218  -0.28648594]]]


 [[[ 0.00201154  0.02517575  0.05732666 -0.07909119  0.08300961]
   [ 0.09137919 -0.06267296  0.13405968  0.0280732   0.00490739]
   [-0.0289688   0.11280317 -0.10815    -0.13701233  0.14633259]
   [ 0.00702114 -0.06389032 -0.13875742 -0.06886797 -0.0362986 ]
   [-0.1238481  -0.12900619 -0.10197995 -0.12302244 -0.02606287]]]]
<NDArray 6x1x5x5 @gpu(0)>, 
[[[[ 2.50629522e-02  1.28995087e-02 -7.37848952e-02 -4.40555671e-03
     7.53930360e-02]
   [ 4.45798114e-02 -5.45594236e-03 -8.55972692e-02 -3.15168351e-02
    -1.53626986e-02]
   [-4.51046899e-02 -6.75067827e-02  3.60961519e-02  3.02567780e-02
    -1.88458245e-02]
   [-5.46778515e-02  7.58847548e-03 -7.61735216e-02 -9.70666558e-02
    -4.45370935e-02]
   [ 7.58494623e-03 -7.27445930e-02  5.99684846e-03 -6.54949397e-02
     3.97635996e-03]]

  [[-2.31484249e-02  6.53332695e-02  5.00783511e-02  1.40262479e-02
    -1.55978743e-02]
   [-2.55134404e-02  1.03612533e-02 -2.73306835e-02  5.39563708e-02
     2.14404650e-02]
   [-8.23714733e-02 -9.40684527e-02  7.10124373e-02  7.81509932e-03
     4.84404620e-03]
   [ 1.29324552e-02 -7.09154829e-02 -7.34412298e-02 -4.59174626e-02
    -9.00448114e-02]
   [ 4.34188470e-02 -3.47876996e-02  1.35689955e-02 -3.84822488e-02
    -4.51143086e-02]]

  [[ 1.13084307e-02 -8.21885243e-02 -1.27855642e-02  2.56312992e-02
     8.88506621e-02]
   [ 8.35538432e-02 -7.22321048e-02  2.42816228e-02 -5.16685024e-02
     2.44608223e-02]
   [-5.98924831e-02  9.03972015e-02  2.24295128e-02  1.20011810e-02
     6.93211257e-02]
   [ 6.14307113e-02 -7.24908710e-02  5.92695735e-02 -8.63756612e-02
    -4.18210290e-02]
   [-5.96234314e-02 -8.06720257e-02  6.70223534e-02  2.71663181e-02
    -7.50174746e-02]]

  [[ 1.57650094e-02 -2.99716238e-02  8.41086730e-03  6.59267530e-02
    -2.16909572e-02]
   [ 1.01406844e-02 -5.75699322e-02  1.78852864e-02 -5.67102171e-02
    -4.37434912e-02]
   [-7.11457953e-02  2.96196435e-02  3.47854123e-02  3.30185406e-02
    -3.44189890e-02]
   [-1.00398257e-01 -9.17389542e-02  2.93972995e-02 -8.22027307e-03
     6.47026077e-02]
   [ 2.30303891e-02  4.15517800e-02 -4.30732407e-02 -5.38498387e-02
    -2.53073461e-02]]

  [[ 4.89708148e-02 -5.43099232e-02 -7.52959400e-02 -7.75456727e-02
    -9.68849473e-03]
   [-9.95975919e-03  7.01715425e-02 -7.31047913e-02 -3.72970551e-02
     6.80650994e-02]
   [-4.15517278e-02 -7.49093965e-02 -6.72545657e-02  2.91196117e-03
    -8.88926610e-02]
   [-7.53912553e-02  2.97586098e-02  7.42488950e-02 -5.22616580e-02
     7.55582675e-02]
   [-4.25271317e-02 -3.74089703e-02 -5.94126992e-03  1.33486260e-02
    -8.02513286e-02]]

  [[ 1.08737275e-02  1.29963467e-02  2.11363249e-02  1.89384893e-02
     1.14827836e-02]
   [-5.16300946e-02 -5.16178496e-02 -7.10683987e-02  4.86761257e-02
    -5.10863177e-02]
   [ 1.36384582e-02 -2.89258175e-02 -6.05834909e-02 -4.46197670e-03
    -2.43441463e-02]
   [-5.46634980e-02 -7.06995185e-03  2.38569956e-02  2.83643976e-02
    -2.61478173e-03]
   [ 5.19059934e-02 -1.49592670e-04  2.80014500e-02 -2.14912947e-02
     1.96513571e-02]]]


 [[[-3.06415856e-02  1.39440745e-02 -5.11414483e-02 -1.24721237e-01
    -1.12315655e-01]
   [-1.46546096e-01 -3.50357145e-02 -2.27269530e-02  3.93955410e-03
    -6.41871989e-02]
   [-6.12403080e-02 -1.19464450e-01 -2.13546902e-02 -7.41615891e-03
    -9.34990495e-02]
   [-7.87323862e-02 -5.73826358e-02 -1.67487666e-01 -1.17964596e-01
    -1.31369755e-02]
   [-6.98911399e-02 -1.16804115e-01 -7.57234246e-02 -1.12254456e-01
    -6.28205091e-02]]

  [[-2.89450347e-01 -1.83596969e-01 -2.27499098e-01 -2.35848054e-01
    -1.34854645e-01]
   [-3.06703597e-01 -1.92936689e-01 -3.32303047e-01 -2.12155864e-01
    -1.29710406e-01]
   [-2.32127234e-01 -3.02106977e-01 -3.78004879e-01 -3.57670426e-01
    -1.43306419e-01]
   [-2.96607316e-01 -3.02702397e-01 -3.01035255e-01 -3.23222041e-01
    -1.36984751e-01]
   [-2.03417808e-01 -3.37842077e-01 -3.80025327e-01 -2.57988572e-01
    -1.76776677e-01]]

  [[ 6.95013329e-02 -1.19031193e-02  6.99880645e-02 -8.41235667e-02
    -6.68825805e-02]
   [-8.42087194e-02 -5.69599047e-02 -4.70408835e-02 -8.06463435e-02
    -7.08232448e-02]
   [-1.43675264e-02  2.39352845e-02 -8.80409107e-02 -6.44746199e-02
    -6.69081463e-03]
   [-5.26195485e-03  2.49802917e-02 -4.61663604e-02 -3.92004624e-02
    -2.15313919e-02]
   [ 3.72006781e-02 -2.33517913e-03  1.55605506e-02  7.41443709e-02
    -8.50212350e-02]]

  [[-1.84985727e-01 -2.54745305e-01 -2.10007399e-01 -3.12531024e-01
    -2.27055758e-01]
   [-2.20459566e-01 -2.66528159e-01 -3.68177980e-01 -3.34543645e-01
    -1.79173857e-01]
   [-1.93499580e-01 -2.93935925e-01 -3.82860780e-01 -3.56042951e-01
    -2.14588687e-01]
   [-2.10340664e-01 -2.22655654e-01 -2.52656817e-01 -2.09963858e-01
    -2.36927405e-01]
   [-2.89815366e-01 -3.22212458e-01 -2.34580189e-01 -2.83276111e-01
    -1.58268943e-01]]

  [[-2.95607299e-02 -2.12169603e-01 -3.09895277e-02 -1.76436529e-01
    -5.11857271e-02]
   [-1.48623452e-01 -5.05742133e-02 -5.31969443e-02 -9.47062746e-02
    -1.42135635e-01]
   [-4.38944846e-02 -8.21873546e-02 -7.87561536e-02 -7.43886083e-02
    -3.95744145e-02]
   [-1.17534317e-01 -1.86246872e-01 -1.66836351e-01 -5.99212945e-04
    -1.30743533e-01]
   [-2.15572134e-01 -8.76637176e-02 -1.53056651e-01 -2.40991563e-02
    -9.23078135e-02]]

  [[ 1.94605812e-02  4.89294939e-02 -9.08653289e-02 -5.59586845e-02
     1.15667060e-02]
   [ 6.03935830e-02 -2.88950875e-02  8.40559751e-02  1.50093790e-02
    -6.29161522e-02]
   [-2.43961066e-02  1.30927078e-02  5.11173829e-02 -9.17852819e-02
     1.82655994e-02]
   [-2.43143477e-02 -4.60296832e-02 -8.81936550e-02  2.25870274e-02
     8.06919634e-02]
   [ 5.20527735e-02 -1.75459012e-02 -9.12518725e-02  7.80427903e-02
    -8.42464641e-02]]]


 [[[ 3.92665714e-03  1.20104477e-02 -2.04137489e-02 -7.11204037e-02
    -8.87953192e-02]
   [-5.50926514e-02 -1.62426919e-01 -1.85313761e-01 -5.56682050e-02
    -9.91305560e-02]
   [-1.09398797e-01 -1.81004554e-02 -6.06039464e-02  8.72379541e-03
    -6.27196282e-02]
   [ 2.62278765e-02 -7.09981322e-02 -1.25829130e-02  3.37362438e-02
     6.84061646e-03]
   [-1.16569951e-01 -1.80654794e-01 -2.68748999e-02 -3.45051289e-03
    -1.38272569e-01]]

  [[-1.86304927e-01 -1.77371562e-01 -2.01226234e-01 -2.70245790e-01
    -3.28527421e-01]
   [-1.60896987e-01 -2.80697018e-01 -2.50103563e-01 -3.01293105e-01
    -2.75727093e-01]
   [-1.90725014e-01 -3.08227867e-01 -2.07926869e-01 -3.47332418e-01
    -2.34876931e-01]
   [-2.93142974e-01 -2.75565654e-01 -2.77552605e-01 -2.62748301e-01
    -3.23697209e-01]
   [-2.72765815e-01 -3.46287698e-01 -2.62669742e-01 -2.23124459e-01
    -3.60382408e-01]]

  [[-4.29966934e-02 -5.87508008e-02 -1.47829587e-02 -6.48400337e-02
    -3.10699344e-02]
   [ 6.93056881e-02  1.65415350e-02  4.52841073e-03  2.08447799e-02
    -5.80002088e-05]
   [ 2.26012617e-02  3.34355831e-02 -4.40985970e-02 -7.78337419e-02
    -4.07855622e-02]
   [-6.87270239e-02 -5.20864874e-02  5.89367449e-02 -2.05109250e-02
     6.27822578e-02]
   [-6.05790801e-02  6.93054572e-02 -6.19893372e-02  9.19924676e-02
     8.43643993e-02]]

  [[-1.31424367e-01 -1.59957990e-01 -3.51637363e-01 -3.23642313e-01
    -1.71656996e-01]
   [-2.32921794e-01 -2.54428267e-01 -3.46217394e-01 -2.46591017e-01
    -2.17262924e-01]
   [-6.90631419e-02 -2.90819436e-01 -3.65175754e-01 -2.36252427e-01
    -3.82506669e-01]
   [-2.65556782e-01 -3.03462058e-01 -4.04981107e-01 -2.38549680e-01
    -2.94267774e-01]
   [-2.60506213e-01 -2.65581429e-01 -3.02894890e-01 -3.16581517e-01
    -2.91000783e-01]]

  [[-1.24198101e-01 -1.19426131e-01 -1.12569891e-01 -6.79731816e-02
    -1.38123140e-01]
   [-5.78129739e-02 -8.28214139e-02 -1.54858559e-01 -1.31840974e-01
    -1.82868943e-01]
   [-9.57886428e-02 -2.02338800e-01 -1.11091167e-01 -1.06935509e-01
    -5.86642474e-02]
   [-4.74717915e-02 -8.74363333e-02 -1.43944606e-01 -1.61195129e-01
    -1.03222050e-01]
   [-4.79634032e-02 -7.81863853e-02 -5.44890314e-02 -1.44156501e-01
    -1.96911976e-01]]

  [[ 2.62252316e-02  3.66159491e-02 -6.58183694e-02  5.17318882e-02
    -2.82475241e-02]
   [ 3.77593972e-02  1.83556862e-02  3.39725763e-02 -1.52071072e-02
     3.85787175e-03]
   [ 7.57643860e-03 -6.94363862e-02 -7.76072145e-02  7.92501047e-02
    -5.40520772e-02]
   [-2.32414827e-02 -5.30445874e-02 -5.45816123e-02  5.42586297e-02
     3.31681333e-02]
   [-1.51923299e-02  8.41349065e-02  2.17692787e-03 -8.56460631e-02
    -5.61719984e-02]]]


 ...


 [[[-7.57638887e-02 -4.38829847e-02 -3.82879376e-02 -3.15724965e-03
     1.23418428e-01]
   [-1.90430600e-03 -4.46591042e-02 -5.21423817e-02 -2.22025253e-03
     8.33226293e-02]
   [ 2.02564877e-02  9.56460983e-02  6.94213212e-02 -6.53277338e-02
     2.98696905e-02]
   [-6.15749583e-02 -7.95124471e-02 -3.32027823e-02  6.24115951e-02
    -4.41469438e-03]
   [-2.80126631e-02  8.03161785e-02 -2.06537526e-02  2.89999191e-02
    -4.84674759e-02]]

  [[ 7.58191422e-02 -8.49891827e-02  8.42990801e-02  4.15862352e-02
    -1.51998699e-02]
   [ 4.92028818e-02 -1.89574361e-02  1.34149082e-02  4.06385437e-02
    -4.17045727e-02]
   [-1.02417015e-01  7.45450258e-02 -5.12862280e-02  2.99888141e-02
     7.50772282e-03]
   [ 9.17179883e-02  1.94326043e-04 -1.17565304e-01 -8.73680264e-02
    -1.02091491e-01]
   [-2.77002454e-02  5.21141067e-02  1.71348080e-02 -1.44237995e-01
     5.10936268e-02]]

  [[-7.52502158e-02  6.26686662e-02  7.65967509e-03 -6.96245357e-02
    -7.65816867e-02]
   [ 6.09299913e-02 -1.90905500e-02  1.61545388e-02  3.45280282e-02
    -4.67269458e-02]
   [-1.35745425e-02 -6.45200238e-02 -7.92878270e-02  4.71538752e-02
    -5.42756282e-02]
   [ 8.89789164e-02 -9.02151503e-03 -6.15481324e-02 -7.29200989e-02
    -4.32670861e-02]
   [-3.25410813e-02  5.74477436e-03  8.15594643e-02 -5.68660907e-03
    -3.47164869e-02]]

  [[-1.02026448e-01 -4.37355861e-02  5.09614050e-02  1.53957419e-02
     3.25147621e-03]
   [ 4.31515574e-02 -5.10570966e-02  1.70143507e-02  7.32866675e-02
    -3.73989008e-02]
   [-3.88926528e-02 -5.54096550e-02 -1.17207371e-01  7.20983744e-02
     7.44667798e-02]
   [-5.83572239e-02  3.66566181e-02 -1.14959568e-01 -3.40828300e-02
     5.17837517e-03]
   [-1.75139215e-03 -3.31847854e-02 -5.52845262e-02  6.41521113e-03
    -1.06002197e-01]]

  [[-2.92906836e-02 -1.69135723e-02  1.32914567e-02 -2.80370694e-02
     7.71764964e-02]
   [ 4.19221148e-02  3.83834764e-02  4.09165584e-02  4.64583449e-02
    -3.58991660e-02]
   [-7.51782805e-02 -7.50905322e-03  7.07050338e-02 -5.48325554e-02
     1.10662691e-02]
   [ 5.37823252e-02  1.57705676e-02  4.71949130e-02 -7.96841085e-02
    -8.87231454e-02]
   [-2.57810354e-02 -3.92626226e-02  2.44157761e-02  7.17359111e-02
    -1.37893045e-02]]

  [[ 6.34643584e-02  8.19061417e-03  3.53359692e-02  3.35669257e-02
     4.60107066e-02]
   [ 2.01674886e-02 -6.22749627e-02 -8.18741694e-02  3.16913403e-03
     1.11965705e-02]
   [-2.26270482e-02  5.59330136e-02  9.85650346e-02  8.07484165e-02
    -1.18556619e-02]
   [-7.19565377e-02  9.36820284e-02  8.32943544e-02 -2.29301909e-03
    -4.13312903e-03]
   [-2.21401956e-02 -7.94390589e-03 -8.82913768e-02  9.21552852e-02
    -5.46214581e-02]]]


 [[[-7.03374296e-02  7.31559992e-02  7.62420893e-02 -2.64720842e-02
    -6.08852692e-02]
   [ 2.76859999e-02  7.10374713e-02  7.84035325e-02 -6.68941587e-02
     5.68475388e-02]
   [ 3.97835299e-03  2.35693902e-02 -1.03106089e-02  4.21455391e-02
    -3.44103202e-02]
   [ 5.42700477e-02  3.14675309e-02  1.19594127e-01 -2.59573907e-02
    -6.76657408e-02]
   [ 6.72815815e-02  8.27626660e-02 -8.79589096e-03  6.44229203e-02
    -5.32349572e-02]]

  [[ 1.80495456e-02  7.12269470e-02  5.81676215e-02  8.53946805e-03
    -1.44361764e-01]
   [-3.97794619e-02  6.70309439e-02  7.43031055e-02 -9.56445336e-02
    -9.47852656e-02]
   [ 9.53390673e-02 -5.45360371e-02  3.14896554e-03 -4.63261679e-02
    -1.00599363e-01]
   [-7.51266256e-02  4.88775671e-02  1.22312404e-01  1.11888930e-01
     8.24252442e-02]
   [-1.26937985e-01  5.95875084e-04 -3.90518643e-02 -2.15332210e-03
    -4.26956266e-03]]

  [[-1.12777846e-02  5.47227859e-02  3.98485400e-02  5.25736772e-02
    -4.68065515e-02]
   [-5.67870177e-02  1.68602429e-02 -4.11751084e-02 -6.10993318e-02
    -1.66050531e-02]
   [-5.62723354e-02  9.06132814e-03 -7.51858279e-02 -6.61178678e-02
     8.00769255e-02]
   [-7.01064393e-02 -7.22219646e-02  7.85374939e-02  1.60833411e-02
     2.58542616e-02]
   [ 4.06326428e-02 -3.05445082e-02  8.56013298e-02  2.69972049e-02
     5.66497743e-02]]

  [[ 3.54005173e-02 -1.14282690e-01 -6.99242204e-02  2.55223885e-02
    -7.54977837e-02]
   [-1.08601019e-01 -2.08793953e-02  7.39243627e-03 -5.08009344e-02
    -1.65108532e-01]
   [-8.91007036e-02  9.73375291e-02  6.26861155e-02 -2.85352394e-02
    -7.63312131e-02]
   [-8.19539726e-02 -1.72612071e-02 -9.26171243e-03  8.92167687e-02
    -2.18771622e-02]
   [-1.41727030e-02 -1.11390270e-01  6.16284236e-02  4.40428555e-02
     7.39312172e-02]]

  [[ 4.10024859e-02  5.17908074e-02 -3.23645771e-04 -5.40357605e-02
     3.18756104e-02]
   [-4.04021442e-02  5.18741049e-02  5.58431484e-02 -6.78905100e-02
     4.23653573e-02]
   [ 4.76600677e-02 -3.13918591e-02 -7.24150240e-02 -3.64232250e-02
    -6.93360493e-02]
   [-3.42936479e-02  1.74357332e-02 -5.92405871e-02 -2.47971043e-02
     5.19703142e-02]
   [-6.97845966e-03 -4.09339257e-02 -4.00421396e-02 -4.68137115e-02
     6.10084943e-02]]

  [[-1.47239538e-02 -7.58357644e-02  8.83459002e-02  7.39177391e-02
     3.53839770e-02]
   [-6.34938031e-02 -8.91754851e-02 -1.19798081e-02  6.41031703e-03
    -5.15088066e-02]
   [-5.34347817e-02 -5.99201061e-02  6.30984381e-02  1.55694119e-03
     6.68673366e-02]
   [-6.89977314e-03 -9.66385193e-03 -3.65024805e-02  3.05125862e-02
    -4.94515821e-02]
   [-4.62069251e-02 -4.06434648e-02 -8.57602730e-02  5.72299398e-02
     3.53728086e-02]]]


 [[[-1.31333649e-01 -8.90522301e-02 -8.56870487e-02 -9.82965454e-02
    -1.72626093e-01]
   [-1.10302597e-01 -7.29832649e-02 -5.55416271e-02 -9.51000750e-02
    -6.08525574e-02]
   [-1.35001615e-02 -4.37207110e-02 -1.84635162e-01 -1.68730646e-01
    -6.99146315e-02]
   [ 1.91351920e-02 -1.28768414e-01 -2.16939449e-02 -1.61772519e-01
    -1.07264072e-01]
   [ 2.24324539e-02 -1.01154268e-01 -1.62997574e-01 -4.36908528e-02
    -4.23623398e-02]]

  [[-1.85677618e-01 -1.00952171e-01 -1.98211282e-01 -2.38883421e-01
    -1.68039545e-01]
   [-1.66795284e-01 -1.29391968e-01 -1.46868080e-01 -1.17916107e-01
    -2.15512931e-01]
   [-5.65244332e-02 -1.88477755e-01 -1.16321303e-01 -2.13964269e-01
    -2.08309531e-01]
   [-1.82439208e-01 -6.41368628e-02 -1.22577392e-01 -2.30035394e-01
    -1.19425490e-01]
   [-1.21224895e-02 -1.28384128e-01 -1.99232340e-01 -2.62429953e-01
    -1.69143468e-01]]

  [[ 5.34862503e-02 -5.64091392e-02 -3.81023157e-04  1.60120521e-02
     3.83397490e-02]
   [-7.69147575e-02  1.02474159e-02  3.77196372e-02  8.03692862e-02
     4.99507263e-02]
   [-6.68476894e-02  5.79526797e-02  5.08431830e-02 -7.34927133e-02
    -3.01278792e-02]
   [ 7.43857026e-02 -6.28973693e-02 -6.08949456e-03 -4.89683188e-02
    -2.39543580e-02]
   [ 2.06433795e-02  4.86140251e-02 -8.60830322e-02  6.90180659e-02
     7.39076436e-02]]

  [[-3.26464958e-02 -5.06487116e-02 -2.19277918e-01 -1.38848901e-01
    -1.54470474e-01]
   [-1.30107254e-01 -6.77708983e-02 -1.72539324e-01 -1.50387630e-01
    -2.56388664e-01]
   [-2.03064010e-02 -1.43914580e-01 -8.67016464e-02 -1.67328581e-01
    -1.50080144e-01]
   [-8.50145668e-02 -9.64600891e-02 -1.71862692e-01 -9.52358544e-02
    -1.69053391e-01]
   [-1.47030890e-01 -1.60922468e-01 -1.18969932e-01 -1.23765029e-01
    -1.91655949e-01]]

  [[-3.74721922e-02 -1.88294835e-02 -1.78550072e-02  1.18860230e-03
    -6.86654747e-02]
   [-5.19422144e-02 -8.21604282e-02 -1.07622355e-01 -8.80852342e-02
    -7.66770393e-02]
   [-9.16701853e-02 -5.49227148e-02 -1.15254261e-01 -8.07114169e-02
    -1.78918634e-02]
   [-3.40408087e-02 -2.11704709e-02  1.46210827e-02  3.03280652e-02
    -9.03524905e-02]
   [-3.55212912e-02 -2.86907032e-02 -1.01314574e-01  8.81417841e-03
    -8.86469148e-03]]

  [[-3.48272510e-02  2.13270336e-02  6.41786605e-02  3.36497165e-02
    -7.80518875e-02]
   [-7.29464516e-02  2.26568803e-02  4.37771939e-02  2.33568456e-02
    -3.99220400e-02]
   [-6.69114143e-02  4.68784086e-02 -3.46631147e-02  5.23515157e-02
     1.24037582e-02]
   [ 2.26883441e-02  1.36353942e-02 -1.13593237e-02 -8.95472169e-02
     8.35295841e-02]
   [ 1.75852571e-02  7.03019574e-02  3.59460860e-02 -5.45527190e-02
    -1.79721657e-02]]]]
<NDArray 16x6x5x5 @gpu(0)>, 
[[-0.05320885 -0.0175491  -0.0096627  ...  0.02575634  0.0253118
   0.07787843]
 [ 0.00493286 -0.05506105 -0.08795064 ... -0.07953846 -0.04521645
   0.0272032 ]
 [-0.02602551  0.01599421  0.05866193 ...  0.04895395 -0.03407526
  -0.02774399]
 ...
 [-0.08672799 -0.10893098  0.00840845 ... -0.07494617 -0.0116921
  -0.09906157]
 [ 0.03073657  0.04204975  0.06765463 ... -0.10929736 -0.04873344
   0.04150028]
 [ 0.04114148  0.09181798 -0.03346574 ... -0.03046968 -0.09267911
   0.02782742]]
<NDArray 120x256 @gpu(0)>, 
[[ 1.2242526e-01 -8.9033425e-02 -3.6215618e-02 ...  4.3743826e-03
   7.5333565e-02 -9.7202212e-02]
 [ 1.0076424e-01 -7.1586125e-02  1.2538482e-01 ...  1.6117278e-02
  -7.0761248e-02 -2.3004757e-02]
 [ 9.9491268e-02  2.8792739e-02  9.9157900e-02 ...  1.4654320e-01
  -4.6505518e-02 -4.3889411e-02]
 ...
 [-3.6389667e-01  4.1312296e-02 -6.4739130e-02 ... -4.1908648e-02
  -6.7963764e-02 -4.1568633e-02]
 [-7.5315140e-02  1.1014199e-01  1.5104833e-01 ...  8.8388674e-02
  -1.0245150e-01 -2.7418800e-02]
 [-2.8997123e-01  9.6839227e-02  2.4874911e-02 ... -3.5423707e-02
   8.2176231e-02  1.3362058e-04]]
<NDArray 84x120 @gpu(0)>, 
[[-4.69136015e-02  3.68486047e-01  1.29449666e-01 -1.24452628e-01
   5.61459027e-02 -4.59023267e-02  1.60505727e-01  2.95014456e-02
   5.52640140e-01  7.48018362e-03 -2.61849403e-01 -9.86777060e-03
  -1.65096909e-01  1.24651447e-01  2.97440216e-02  7.94215128e-02
  -9.16566253e-02  1.73817575e-02  2.24244416e-01  9.16222855e-02
  -2.33884826e-02  2.90207356e-01  7.20905662e-02  6.65811971e-02
  -8.82352218e-02 -1.84995934e-01  5.36233187e-03 -6.12566508e-02
   2.04464197e-01  1.43449381e-01  3.35747115e-02 -2.24806994e-01
   4.43734169e-01  2.04519674e-01  8.53259787e-02 -3.47406529e-02
  -2.99364831e-02 -1.21699832e-01  1.73071474e-01  6.63576961e-01
  -4.98944856e-02 -1.75844967e-01 -2.45826244e-02  3.74882370e-01
   2.26123706e-01  2.89317407e-02  3.10432434e-01  1.59546398e-02
   2.67844088e-02 -1.68982185e-02 -1.75916001e-01  6.00009151e-02
   1.83123291e-01  1.33626480e-02  8.83803219e-02 -1.33743491e-02
   2.17863500e-01  5.95200509e-02  1.13745697e-01  2.11538389e-01
  -2.07367420e-01 -1.71079546e-01 -2.06490338e-01  1.65184624e-02
  -1.30640462e-01 -5.60970753e-02  1.65894166e-01 -9.22503322e-02
   2.95940787e-02 -1.18169695e-01  3.64266373e-02  2.03892604e-01
   1.76244050e-01 -1.88876137e-01 -1.56237125e-01 -8.59413445e-02
  -1.28688276e-01  1.45264551e-01 -1.07310703e-02  2.85779890e-02
   2.31607378e-01  3.58883172e-01  4.95127708e-01  2.40395628e-02]
 [-1.64023429e-01  5.41977286e-01  3.91237020e-01 -9.62951183e-02
  -9.18866545e-02  9.49178487e-02  2.46733099e-01  3.43004577e-02
   4.19029176e-01  2.78047174e-02  1.97932586e-01  1.12843946e-01
   2.07226098e-01 -1.42634884e-02  3.74277011e-02  1.92370012e-01
  -1.58731446e-01 -2.03166902e-02 -7.39212632e-02 -1.03635363e-01
  -1.65016323e-01  2.83352256e-01 -1.08819148e-02  6.37697995e-01
  -1.71062782e-01  1.30982906e-01 -7.29081482e-02  8.80577415e-02
   2.07133204e-01 -1.39262095e-01  1.57837376e-01  3.03550959e-01
  -3.83666940e-02 -1.61774352e-01 -2.18254432e-01 -6.25263676e-02
   8.71714875e-02 -9.71231237e-02 -1.10963315e-01  8.57406616e-01
  -1.68816164e-01 -1.58307552e-02 -1.72445208e-01  2.64166743e-01
  -8.89459848e-02  7.78000578e-02 -1.58088088e-01 -2.18419671e-01
   1.38562605e-01 -1.72058180e-01 -8.46785009e-02  4.25355771e-04
  -1.36608586e-01  1.28067136e-01 -1.99484453e-01  1.65720880e-01
  -9.44414288e-02  1.44601196e-01  1.78272557e-02  8.40801932e-03
  -9.28911343e-02 -9.87761393e-02  2.66202480e-01 -2.07342327e-01
   1.47607639e-01  5.00417769e-01  1.51455253e-01 -9.80486497e-02
   2.10590854e-01 -1.55364186e-01 -2.19662130e-01  2.21219449e-03
  -1.41977653e-01  7.00188652e-02  8.66009146e-02 -1.49362803e-01
  -7.17429742e-02  1.62127078e-01  4.21792746e-01  1.45673901e-01
  -1.16227716e-01  4.29616600e-01  4.35277522e-01 -1.38488382e-01]
 [ 2.09574744e-01  7.83220232e-01  3.73183876e-01 -8.36165994e-02
  -2.44565696e-01  1.36567309e-01  1.20815784e-01  5.51662408e-02
   1.00362468e+00 -2.63492197e-01 -2.66364306e-01 -6.34365082e-02
   1.85791522e-01 -4.34321612e-02 -9.35699716e-02  4.69560266e-01
   2.30730772e-02  1.05891958e-01  3.69024538e-02  3.59813094e-01
  -1.40017271e-01  8.39674771e-02  4.09637272e-01  2.38509312e-01
   1.24226637e-01  1.99695721e-01  5.01961112e-01  1.61578476e-01
   4.02724922e-01  1.58135984e-02  1.37053803e-03  1.18826497e-02
   3.89489323e-01  6.96304836e-04  2.02773869e-01 -8.81276876e-02
   1.87137723e-01 -8.80417228e-02  1.25598237e-01  1.01548719e+00
   9.04811844e-02  1.68928012e-01 -2.34456398e-02  2.19683915e-01
  -9.19685066e-02  2.75006562e-01  7.79328868e-02 -6.90207928e-02
  -1.53794631e-01  4.56852242e-02  1.70283958e-01  1.34605989e-01
   6.12369515e-02  3.30475206e-03 -9.30175781e-02  2.18621984e-01
  -3.75090875e-02  3.60172614e-02  1.25085324e-01 -8.29544067e-02
  -1.27404854e-01 -9.76811573e-02  3.98775488e-01 -1.09668776e-01
   1.60804361e-01  5.23545146e-01 -1.25048002e-02  1.46375731e-01
  -1.03434585e-01 -1.55067608e-01  1.61790088e-01  2.16087475e-01
  -2.24496443e-02 -8.86607468e-02 -3.49120423e-02  1.88362226e-01
   1.99846938e-01  5.72787046e-01  7.61384368e-02 -5.47867753e-02
  -7.27360398e-02  4.22645122e-01  5.71718276e-01 -5.46663925e-02]
 [-3.30137521e-01 -3.87020677e-01 -6.68929160e-01 -1.37506068e-01
  -5.50364405e-02 -2.17032909e-01  1.23892099e-01  4.50483188e-02
  -2.56053299e-01 -2.93901414e-02 -1.52866811e-01 -1.34794906e-01
  -1.37190729e-01  1.10469602e-01  8.61565024e-03 -5.29392622e-02
  -6.66060299e-02 -1.88511342e-01 -3.90848696e-01 -3.76010180e-01
   3.22009102e-02 -2.25013316e-01 -2.90327638e-01 -4.51156586e-01
   1.13672420e-01  1.01158403e-01 -3.51750106e-01  3.14517580e-02
  -5.54650724e-02  2.28817612e-01 -1.37936637e-01 -3.28621984e-01
  -3.54310691e-01 -1.77393511e-01 -7.18568861e-02 -1.13999218e-01
  -1.51908295e-02  2.68701650e-02  1.15049325e-01 -9.55427885e-02
  -3.28273661e-02 -1.17932811e-01  1.93215460e-01 -1.31034657e-01
  -7.95069784e-02 -1.87737674e-01 -3.77887577e-01  7.13975206e-02
  -1.42875567e-01 -4.96136909e-03 -2.03822896e-01  3.39806192e-02
   3.17943543e-02 -3.40570539e-01 -2.81901598e-01 -1.10614240e-01
   2.11909890e-01 -1.41716361e-01  2.15548292e-01  2.94772573e-02
  -1.95331439e-01  1.07799381e-01 -3.95463675e-01  2.08621234e-01
  -3.59346002e-01 -2.31054485e-01  8.99838507e-02  2.78383493e-03
  -8.06856751e-02 -1.17877536e-01 -2.77512223e-01  3.66304740e-02
   4.88603786e-02 -2.34975114e-01  2.01308489e-01  1.41002357e-01
  -4.60662991e-01 -2.42840543e-01 -2.83624828e-01  1.50452510e-01
  -6.39303699e-02 -2.62309194e-01 -1.18938193e-01  1.49758786e-01]
 [ 1.28250927e-01  6.23446763e-01  2.72394806e-01  1.02001950e-01
   2.05216363e-01 -1.62400752e-01  3.40745747e-01 -1.27451867e-01
   6.07476115e-01  8.17113221e-02  1.83651045e-01  3.91368806e-01
   1.71728969e-01  1.75304264e-01  1.61251277e-01  5.64455278e-02
   1.16722599e-01  7.33465627e-02  4.35217232e-01  8.02233443e-02
  -5.78942485e-02  3.98425683e-02  9.38365385e-02  3.75389010e-01
   1.58417791e-01 -2.28289329e-02  2.21414000e-01  1.11566141e-01
   9.92283300e-02 -2.61055734e-02 -6.88862354e-02 -1.90522760e-01
   6.04944170e-01  8.81795362e-02  1.56898126e-01  1.53180301e-01
  -1.63646996e-01 -1.64771557e-01  2.73825917e-02  7.53459811e-01
  -4.50352998e-03  1.77735731e-01  1.41154349e-01 -4.85413224e-02
  -1.41099885e-01 -1.11946739e-01  3.60671639e-01  1.60801604e-01
   1.12179041e-01  1.35489464e-01 -2.06173375e-01  1.07561946e-01
   2.67096087e-02 -1.22030802e-01  1.94166973e-01  1.13147989e-01
   1.91373929e-01  2.55734622e-01  2.72426456e-01  4.23539430e-02
   1.08762488e-01  1.78663000e-01  1.82778820e-01  7.62609467e-02
  -1.24789380e-01  1.28048524e-01  1.33082420e-01 -2.18329281e-02
  -2.17471048e-01  2.13626802e-01  1.42679229e-01 -1.08063839e-01
   8.82889628e-02  2.99056828e-01 -1.65892690e-01 -7.26417825e-02
  -1.11113541e-01  2.13891670e-01  4.97752503e-02  8.68482888e-02
   8.68953578e-03  2.53821611e-01  2.35051319e-01 -1.56767070e-01]
 [ 1.06028907e-01  1.59902021e-01 -1.25365090e-02  1.47621214e-01
  -1.57220185e-01  1.25192717e-01  2.06071123e-01  5.40133342e-02
   1.17851950e-01 -2.76813423e-03 -6.49464577e-02 -5.89614958e-02
   9.40437764e-02  1.04742665e-02 -8.10400695e-02  3.11555624e-01
   4.35985774e-02  1.47304803e-01  2.00107172e-01 -2.41918907e-01
   1.45211354e-01  1.94506288e-01  2.75607914e-01  1.12593167e-01
  -2.15280131e-01 -1.42115504e-01 -8.72399211e-02 -4.85740006e-02
   7.34520257e-02  2.69442856e-01 -1.84599817e-01 -1.26195744e-01
   2.09533304e-01  1.36683285e-01  9.21684504e-03 -1.11020375e-02
   1.43176332e-01  3.78788710e-02  1.92876831e-01  3.58576864e-01
  -2.36137465e-01  1.36366710e-01 -1.16290681e-01  1.47300079e-01
   9.60425138e-02  7.11313337e-02 -8.69241804e-02  1.30183280e-01
  -1.63026989e-01  2.90242545e-02  3.96607630e-02  1.09817751e-01
  -1.44332439e-01 -1.93314895e-01  1.24295570e-01  8.02879632e-02
   1.55858889e-01 -9.07470509e-02 -3.49195413e-02 -1.28528774e-01
  -1.58357397e-01  1.85643733e-01  8.84182230e-02 -3.66914384e-02
  -2.33245224e-01 -1.14143312e-01  1.38861597e-01 -1.74766570e-01
   3.50610586e-03  1.84284806e-01  1.76109657e-01 -8.85921493e-02
   2.20645934e-01  1.26345009e-01 -1.11958578e-01 -7.09732696e-02
   1.54627383e-01  1.34411499e-01  1.05781116e-01  1.78522244e-01
  -9.86110643e-02  2.87835121e-01  3.57233584e-01  1.76881760e-01]
 [ 2.45009124e-01  3.99234474e-01  1.35429809e-02  1.96926594e-01
  -2.47931570e-01 -4.97014374e-02  1.55184388e-01 -1.56212255e-01
   3.89146030e-01 -1.49865240e-01 -2.51191676e-01 -1.36422768e-01
   1.97155610e-01  1.07975133e-01  1.67354122e-01  1.48761526e-01
  -1.23471677e-01  2.26765536e-02  1.81902543e-01  1.02490544e-01
  -1.56226680e-02  8.35238099e-02  1.04519099e-01  2.53966719e-01
   1.26002384e-02 -4.68519740e-02  2.27677096e-02  5.61611578e-02
   2.52935827e-01 -8.59096721e-02 -2.33753443e-01 -7.71698803e-02
   3.46650630e-01 -2.14302330e-03  4.07861099e-02 -3.53251398e-03
   1.45875354e-04  1.46853879e-01 -1.81889310e-01  6.06637001e-01
   1.56365663e-01  4.03266996e-02  1.06861420e-01 -8.66505355e-02
  -1.58383742e-01  2.31953934e-01 -7.51681402e-02  1.91728979e-01
   1.57076597e-01 -1.50613025e-01 -1.02694798e-03  4.23702598e-01
  -1.60060078e-01  2.71813631e-01 -2.01972932e-01 -1.88251734e-01
   1.49113536e-01  1.17894374e-01  2.15532720e-01 -2.13569328e-02
  -1.04923651e-01  1.13827400e-01  1.12668857e-01  9.78177190e-02
  -1.19361594e-01  2.50642359e-01  1.26096576e-01 -5.93831986e-02
  -7.59882713e-03  1.84023470e-01  1.82477295e-01  1.93384327e-02
   1.95020810e-04 -2.66768068e-01  1.81856632e-01  1.69811696e-01
  -1.33921102e-01  2.75399029e-01 -7.45959058e-02 -2.12175876e-01
   2.23554559e-02  3.29478681e-01  5.09379804e-01  2.16684818e-01]
 [-2.66002834e-01 -3.35800797e-02 -4.43313308e-02  1.15209252e-01
   1.29594952e-01  1.12291589e-01  6.85252771e-02  1.36233017e-01
   6.30562529e-02  6.93021566e-02  1.09222390e-01 -2.04426453e-01
   1.72966033e-01 -1.72429621e-01 -1.06378496e-02 -1.70747731e-02
  -7.93460011e-02  1.81656852e-01  6.91562295e-02 -6.49440214e-02
   3.15175839e-02 -1.72385857e-01  3.23145241e-01  2.32312441e-01
  -1.88640624e-01 -6.80848286e-02 -1.28566206e-01  5.51580079e-02
   2.04587206e-01 -1.12428978e-01  4.05089781e-02 -1.03961252e-01
   2.62980849e-01  9.60423872e-02 -2.30470330e-01  1.84048697e-01
  -6.51295707e-02 -1.54296204e-01  2.75475886e-02  2.99353600e-01
  -8.62213820e-02 -4.12403047e-03  2.47406550e-02 -1.16216943e-01
   5.60470633e-02  9.93753821e-02 -1.04881756e-01 -1.28462404e-01
  -2.82524645e-01 -1.33117869e-01 -6.46287128e-02  2.87518561e-01
  -1.71061203e-01 -2.05021366e-01 -1.93174884e-01 -4.41154116e-04
   1.68567389e-01 -1.66133702e-01  6.11954741e-02 -8.09350461e-02
  -1.22073233e-01 -2.15738639e-01  9.09650624e-02 -9.04764161e-02
  -2.76016295e-01  3.43141496e-01  1.00257084e-01 -1.14249550e-01
  -6.58364687e-03  9.82955769e-02  1.99473165e-02  2.00272828e-01
  -6.79140463e-02 -2.19516799e-01  3.41497511e-02 -1.30382836e-01
  -3.41072083e-02  3.68058354e-01 -5.65762706e-02  1.03744254e-01
  -6.65988326e-02  7.72611201e-02  9.32807177e-02  1.42319188e-01]
 [ 1.60199493e-01  5.39414942e-01  7.05264434e-02  1.57249644e-01
   4.54570279e-02  1.34388968e-01 -3.89559083e-02 -1.51643917e-01
   3.88256550e-01 -1.96573474e-02 -9.98015851e-02 -1.92965388e-01
  -5.17080128e-02 -1.65793583e-01  5.38545623e-02 -3.64775322e-02
   2.06944719e-01  2.04736311e-02  1.81615666e-01 -1.64398532e-02
  -8.58597830e-02  1.82348695e-02  2.87303269e-01  5.01455188e-01
   5.54427616e-02  9.68572870e-02  1.23284429e-01 -4.59168442e-02
   1.19492002e-01  1.58784047e-01  3.14596832e-01  2.66985059e-01
   2.22657502e-01 -1.80865712e-02 -9.12225842e-02  9.76755917e-02
   8.45044199e-03  1.70398548e-01  1.84446096e-01  5.25735438e-01
   9.27564725e-02  1.93168297e-01 -1.36066256e-02  2.79557824e-01
   7.56781846e-02 -1.97079740e-02  1.31182641e-01  2.47078221e-02
   2.59725392e-01  7.87785202e-02  1.75492108e-01 -2.96865609e-02
  -2.15729862e-01 -3.10819726e-02  9.38190520e-02  1.81038946e-01
  -5.01760431e-02  1.53738394e-01  2.05603108e-01 -1.20298760e-02
   4.78586182e-02 -1.15646489e-01  1.95817158e-01 -1.62519023e-01
  -2.06859987e-02  2.18139663e-01 -1.91633835e-01  1.63170949e-01
   1.23208091e-01  6.63147122e-02  1.78658873e-01 -3.05687506e-02
  -1.31436050e-01  4.49612513e-02 -1.18616693e-01  1.19394533e-01
   1.41449049e-02  1.71428397e-01  1.07910499e-01 -9.76562351e-02
   1.83138818e-01  1.14684448e-01  2.23603457e-01  1.41496032e-01]
 [ 5.83599471e-02 -2.90691209e+00  5.03272951e-01 -1.77932069e-01
   2.63160020e-01  7.47199804e-02 -1.36597228e+00  2.09345579e-01
  -3.63453722e+00  2.36384839e-01  8.60207677e-02 -3.14697772e-01
  -7.00341910e-02 -2.16959909e-01  1.49614632e-01 -1.14964032e+00
   1.25242457e-01 -4.67615575e-01 -1.02159786e+00 -4.83416170e-02
  -1.67433783e-01 -6.58611238e-01 -1.40739679e+00 -1.84914088e+00
  -1.82440892e-01  2.26651490e-01  5.61635420e-02  2.39677951e-02
  -9.09234107e-01 -9.23537850e-01  2.01320261e-01  3.27318788e-01
  -2.26041412e+00  3.62490751e-02  4.23627198e-02 -1.45464078e-01
  -9.71766338e-02  1.03680059e-01 -1.16336033e-01 -5.44961929e+00
   1.72527432e-01  1.24560699e-01 -1.25687793e-01 -1.15201771e+00
   2.44839177e-01 -1.09535408e+00 -9.45383251e-01 -2.81111728e-02
   9.62694287e-02 -1.03574842e-01 -1.87311009e-01 -1.39394629e+00
   1.08985648e-01 -6.18451118e-01  1.29614770e-03 -8.17736387e-02
  -1.64112478e-01 -1.59503520e-03 -1.73059464e+00  1.40105542e-02
  -9.39862356e-02 -6.21707924e-02 -9.45383906e-01  1.72821313e-01
   5.52309789e-02 -1.19295216e+00  7.02216998e-02 -1.92999452e-01
   1.24584779e-01 -1.63049921e-02 -2.45825872e-02 -1.41558886e-01
   1.19802400e-01  4.00023878e-01  1.04688987e-01  1.80185407e-01
   2.25615174e-01 -2.04244900e+00  1.23727597e-01 -7.94460028e-02
  -3.67333055e-01 -2.33139920e+00 -2.88084126e+00 -4.54458088e-01]]
<NDArray 10x84 @gpu(0)>]