2020-05-09-19-47-22
{'learning_rate': 0.02, 'batch_size': 10, 'epoch': 1, 'train_mode': 'FedAvg', 'cla': 10}
Sequential(
  (0): Conv2D(1 -> 6, kernel_size=(5, 5), stride=(1, 1), Activation(relu))
  (1): MaxPool2D(size=(2, 2), stride=(2, 2), padding=(0, 0), ceil_mode=False, global_pool=False, pool_type=max, layout=NCHW)
  (2): Conv2D(6 -> 16, kernel_size=(5, 5), stride=(1, 1), Activation(relu))
  (3): MaxPool2D(size=(2, 2), stride=(2, 2), padding=(0, 0), ceil_mode=False, global_pool=False, pool_type=max, layout=NCHW)
  (4): Dense(256 -> 120, Activation(relu))
  (5): Dense(120 -> 84, Activation(relu))
  (6): Dense(84 -> 10, linear)
)
188
[0.19, 0.33, 0.51, 0.4, 0.39, 0.51, 0.47, 0.43, 0.63, 0.41, 0.43, 0.66, 0.66, 0.69, 0.65, 0.74, 0.64, 0.65, 0.72, 0.73, 0.63, 0.71, 0.72, 0.8, 0.68, 0.81, 0.76, 0.78, 0.83, 0.79, 0.8, 0.86, 0.86, 0.81, 0.74, 0.86, 0.88, 0.84, 0.86, 0.84, 0.87, 0.86, 0.86, 0.73, 0.88, 0.87, 0.89, 0.82, 0.89, 0.89, 0.91, 0.84, 0.86, 0.86, 0.87, 0.87, 0.91, 0.84, 0.89, 0.86, 0.83, 0.86, 0.85, 0.85, 0.89, 0.9, 0.86, 0.9, 0.91, 0.92, 0.9, 0.91, 0.88, 0.9, 0.88, 0.92, 0.87, 0.89, 0.9, 0.92, 0.84, 0.9, 0.89, 0.91, 0.88, 0.88, 0.93, 0.85, 0.93, 0.9, 0.88, 0.89, 0.92, 0.92, 0.95, 0.94, 0.91, 0.92, 0.93, 0.92, 0.92, 0.93, 0.88, 0.93, 0.91, 0.93, 0.93, 0.89, 0.93, 0.91, 0.92, 0.93, 0.92, 0.91, 0.95, 0.95, 0.92, 0.94, 0.94, 0.88, 0.9, 0.92, 0.85, 0.94, 0.96, 0.89, 0.91, 0.91, 0.93, 0.96, 0.88, 0.96, 0.96, 0.95, 0.93, 0.95, 0.96, 0.93, 0.91, 0.91, 0.93, 0.94, 0.93, 0.96, 0.92, 0.92, 0.96, 0.95, 0.95, 0.95, 0.9, 0.94, 0.93, 0.91, 0.95, 0.96, 0.93, 0.93, 0.95, 0.97, 0.95, 0.96, 0.96, 0.96, 0.95, 0.91, 0.97, 0.97, 0.9, 0.93, 0.95, 0.96, 0.92, 0.92, 0.96, 0.97, 0.96, 0.94, 0.95, 0.96, 0.96, 0.9, 0.96, 0.93, 0.96, 0.97, 0.96, 0.99]

