2020-05-09-20-25-07
{'learning_rate': 0.02, 'batch_size': 50, 'epoch': 5, 'train_mode': 'FedAvg', 'cla': 10}
Sequential(
  (0): Conv2D(1 -> 6, kernel_size=(5, 5), stride=(1, 1), Activation(relu))
  (1): MaxPool2D(size=(2, 2), stride=(2, 2), padding=(0, 0), ceil_mode=False, global_pool=False, pool_type=max, layout=NCHW)
  (2): Conv2D(6 -> 16, kernel_size=(5, 5), stride=(1, 1), Activation(relu))
  (3): MaxPool2D(size=(2, 2), stride=(2, 2), padding=(0, 0), ceil_mode=False, global_pool=False, pool_type=max, layout=NCHW)
  (4): Dense(256 -> 120, Activation(relu))
  (5): Dense(120 -> 84, Activation(relu))
  (6): Dense(84 -> 10, linear)
)
203
[0.23, 0.21, 0.44, 0.3, 0.32, 0.42, 0.48, 0.38, 0.34, 0.47, 0.56, 0.65, 0.65, 0.68, 0.46, 0.6, 0.66, 0.58, 0.55, 0.79, 0.62, 0.78, 0.74, 0.8, 0.7, 0.71, 0.77, 0.77, 0.83, 0.69, 0.72, 0.82, 0.72, 0.7, 0.77, 0.78, 0.84, 0.88, 0.87, 0.83, 0.85, 0.87, 0.8, 0.85, 0.83, 0.82, 0.83, 0.86, 0.86, 0.84, 0.88, 0.8, 0.86, 0.85, 0.85, 0.88, 0.89, 0.82, 0.87, 0.85, 0.84, 0.62, 0.88, 0.88, 0.85, 0.88, 0.85, 0.87, 0.9, 0.86, 0.86, 0.83, 0.88, 0.89, 0.91, 0.92, 0.89, 0.89, 0.92, 0.9, 0.88, 0.87, 0.88, 0.87, 0.89, 0.88, 0.85, 0.77, 0.93, 0.91, 0.93, 0.91, 0.91, 0.88, 0.91, 0.89, 0.91, 0.88, 0.91, 0.9, 0.91, 0.92, 0.9, 0.87, 0.91, 0.91, 0.89, 0.94, 0.91, 0.91, 0.87, 0.92, 0.93, 0.89, 0.93, 0.92, 0.93, 0.91, 0.95, 0.93, 0.9, 0.95, 0.93, 0.92, 0.89, 0.91, 0.91, 0.92, 0.94, 0.92, 0.91, 0.93, 0.93, 0.94, 0.92, 0.88, 0.92, 0.91, 0.93, 0.93, 0.88, 0.89, 0.92, 0.92, 0.92, 0.95, 0.94, 0.93, 0.94, 0.94, 0.95, 0.95, 0.95, 0.94, 0.91, 0.94, 0.96, 0.92, 0.95, 0.95, 0.92, 0.92, 0.94, 0.96, 0.95, 0.95, 0.94, 0.95, 0.92, 0.94, 0.92, 0.92, 0.94, 0.93, 0.95, 0.95, 0.89, 0.95, 0.91, 0.91, 0.96, 0.94, 0.92, 0.96, 0.95, 0.97, 0.95, 0.95, 0.94, 0.94, 0.94, 0.95, 0.95, 0.95, 0.9, 0.94, 0.97, 0.96, 0.97, 0.96, 0.94, 0.95, 0.98]

