2020-05-08-11-22-26
{'learning_rate': 0.02, 'batch_size': 600, 'epoch': 1, 'train_mode': 'FedAvg', 'cla': 10}
Sequential(
  (0): Conv2D(1 -> 6, kernel_size=(5, 5), stride=(1, 1), Activation(relu))
  (1): MaxPool2D(size=(2, 2), stride=(2, 2), padding=(0, 0), ceil_mode=False, global_pool=False, pool_type=max, layout=NCHW)
  (2): Conv2D(6 -> 16, kernel_size=(5, 5), stride=(1, 1), Activation(relu))
  (3): MaxPool2D(size=(2, 2), stride=(2, 2), padding=(0, 0), ceil_mode=False, global_pool=False, pool_type=max, layout=NCHW)
  (4): Dense(256 -> 120, Activation(relu))
  (5): Dense(120 -> 84, Activation(relu))
  (6): Dense(84 -> 10, linear)
)
1111
[0.13, 0.13, 0.13, 0.14, 0.14, 0.14, 0.14, 0.14, 0.14, 0.14, 0.14, 0.15, 0.15, 0.15, 0.16, 0.15, 0.16, 0.16, 0.16, 0.16, 0.16, 0.14, 0.14, 0.15, 0.14, 0.16, 0.18, 0.16, 0.17, 0.17, 0.15, 0.15, 0.15, 0.14, 0.14, 0.19, 0.24, 0.27, 0.26, 0.26, 0.3, 0.26, 0.25, 0.26, 0.2, 0.22, 0.3, 0.31, 0.36, 0.31, 0.28, 0.25, 0.31, 0.37, 0.33, 0.33, 0.31, 0.29, 0.36, 0.4, 0.36, 0.31, 0.28, 0.39, 0.4, 0.46, 0.49, 0.59, 0.42, 0.44, 0.43, 0.44, 0.46, 0.48, 0.54, 0.54, 0.56, 0.59, 0.63, 0.62, 0.56, 0.55, 0.65, 0.56, 0.51, 0.54, 0.62, 0.66, 0.63, 0.64, 0.42, 0.6, 0.66, 0.75, 0.46, 0.71, 0.69, 0.63, 0.56, 0.71, 0.66, 0.66, 0.73, 0.56, 0.72, 0.56, 0.68, 0.76, 0.62, 0.71, 0.53, 0.71, 0.67, 0.65, 0.75, 0.74, 0.71, 0.66, 0.75, 0.5, 0.52, 0.6, 0.72, 0.72, 0.73, 0.82, 0.8, 0.81, 0.79, 0.78, 0.79, 0.63, 0.52, 0.6, 0.74, 0.67, 0.73, 0.78, 0.74, 0.73, 0.74, 0.79, 0.83, 0.84, 0.79, 0.79, 0.84, 0.83, 0.82, 0.72, 0.64, 0.76, 0.79, 0.84, 0.84, 0.84, 0.78, 0.77, 0.8, 0.71, 0.78, 0.84, 0.81, 0.83, 0.83, 0.83, 0.84, 0.82, 0.87, 0.77, 0.84, 0.81, 0.84, 0.8, 0.78, 0.82, 0.6, 0.84, 0.8, 0.84, 0.77, 0.78, 0.86, 0.83, 0.82, 0.82, 0.83, 0.84, 0.81, 0.84, 0.85, 0.84, 0.86, 0.82, 0.81, 0.86, 0.83, 0.76, 0.75, 0.67, 0.77, 0.81, 0.82, 0.78, 0.82, 0.86, 0.82, 0.84, 0.84, 0.84, 0.79, 0.84, 0.86, 0.83, 0.85, 0.87, 0.85, 0.84, 0.84, 0.8, 0.84, 0.83, 0.81, 0.86, 0.84, 0.86, 0.87, 0.86, 0.85, 0.86, 0.85, 0.86, 0.87, 0.86, 0.87, 0.85, 0.86, 0.85, 0.83, 0.85, 0.86, 0.84, 0.83, 0.83, 0.84, 0.86, 0.84, 0.85, 0.86, 0.83, 0.83, 0.88, 0.85, 0.86, 0.87, 0.83, 0.88, 0.82, 0.85, 0.87, 0.85, 0.87, 0.87, 0.84, 0.86, 0.86, 0.86, 0.87, 0.89, 0.87, 0.86, 0.87, 0.89, 0.86, 0.86, 0.87, 0.84, 0.88, 0.84, 0.87, 0.82, 0.84, 0.88, 0.86, 0.85, 0.88, 0.88, 0.88, 0.88, 0.87, 0.87, 0.88, 0.85, 0.87, 0.89, 0.86, 0.88, 0.87, 0.87, 0.87, 0.88, 0.88, 0.88, 0.87, 0.87, 0.87, 0.87, 0.87, 0.88, 0.89, 0.88, 0.88, 0.88, 0.86, 0.89, 0.84, 0.84, 0.82, 0.87, 0.86, 0.83, 0.72, 0.83, 0.84, 0.89, 0.86, 0.89, 0.86, 0.87, 0.85, 0.88, 0.85, 0.89, 0.89, 0.87, 0.88, 0.88, 0.84, 0.86, 0.88, 0.88, 0.87, 0.88, 0.86, 0.87, 0.89, 0.89, 0.87, 0.86, 0.89, 0.88, 0.86, 0.89, 0.88, 0.88, 0.84, 0.9, 0.88, 0.86, 0.87, 0.88, 0.9, 0.88, 0.89, 0.89, 0.89, 0.9, 0.9, 0.88, 0.9, 0.87, 0.89, 0.88, 0.89, 0.88, 0.89, 0.89, 0.9, 0.89, 0.9, 0.9, 0.88, 0.9, 0.9, 0.87, 0.88, 0.91, 0.91, 0.88, 0.9, 0.9, 0.88, 0.91, 0.9, 0.88, 0.9, 0.89, 0.9, 0.89, 0.9, 0.9, 0.9, 0.9, 0.88, 0.87, 0.88, 0.89, 0.88, 0.92, 0.89, 0.91, 0.9, 0.89, 0.92, 0.89, 0.91, 0.9, 0.9, 0.89, 0.91, 0.91, 0.88, 0.91, 0.92, 0.89, 0.88, 0.89, 0.91, 0.91, 0.91, 0.89, 0.9, 0.88, 0.89, 0.9, 0.91, 0.91, 0.9, 0.9, 0.9, 0.88, 0.88, 0.88, 0.91, 0.9, 0.89, 0.91, 0.9, 0.89, 0.92, 0.91, 0.9, 0.91, 0.92, 0.89, 0.9, 0.89, 0.91, 0.9, 0.89, 0.91, 0.91, 0.91, 0.92, 0.9, 0.9, 0.9, 0.91, 0.89, 0.9, 0.9, 0.9, 0.88, 0.91, 0.9, 0.91, 0.92, 0.92, 0.9, 0.92, 0.9, 0.91, 0.9, 0.92, 0.89, 0.93, 0.92, 0.9, 0.92, 0.9, 0.9, 0.9, 0.91, 0.91, 0.91, 0.9, 0.89, 0.88, 0.91, 0.9, 0.88, 0.89, 0.92, 0.92, 0.93, 0.92, 0.9, 0.89, 0.91, 0.91, 0.89, 0.92, 0.9, 0.91, 0.91, 0.92, 0.9, 0.92, 0.91, 0.93, 0.93, 0.92, 0.91, 0.9, 0.93, 0.92, 0.91, 0.91, 0.92, 0.9, 0.91, 0.92, 0.91, 0.92, 0.91, 0.94, 0.91, 0.91, 0.93, 0.91, 0.92, 0.9, 0.92, 0.9, 0.92, 0.93, 0.9, 0.93, 0.93, 0.9, 0.93, 0.91, 0.92, 0.92, 0.94, 0.9, 0.9, 0.91, 0.93, 0.9, 0.92, 0.92, 0.9, 0.91, 0.93, 0.91, 0.91, 0.88, 0.92, 0.9, 0.92, 0.91, 0.92, 0.92, 0.92, 0.9, 0.92, 0.92, 0.9, 0.92, 0.91, 0.93, 0.93, 0.93, 0.93, 0.9, 0.91, 0.9, 0.9, 0.92, 0.92, 0.91, 0.91, 0.94, 0.91, 0.93, 0.93, 0.89, 0.93, 0.9, 0.93, 0.89, 0.91, 0.92, 0.88, 0.92, 0.93, 0.92, 0.93, 0.93, 0.9, 0.92, 0.92, 0.92, 0.92, 0.92, 0.91, 0.92, 0.93, 0.92, 0.91, 0.92, 0.93, 0.93, 0.93, 0.91, 0.92, 0.92, 0.93, 0.91, 0.93, 0.93, 0.92, 0.94, 0.92, 0.94, 0.93, 0.93, 0.93, 0.91, 0.94, 0.91, 0.92, 0.94, 0.92, 0.93, 0.93, 0.93, 0.93, 0.89, 0.93, 0.92, 0.93, 0.93, 0.92, 0.92, 0.92, 0.93, 0.93, 0.92, 0.92, 0.93, 0.94, 0.93, 0.93, 0.93, 0.92, 0.93, 0.92, 0.93, 0.92, 0.94, 0.92, 0.92, 0.94, 0.92, 0.94, 0.94, 0.91, 0.94, 0.92, 0.93, 0.92, 0.94, 0.94, 0.93, 0.92, 0.93, 0.94, 0.94, 0.93, 0.94, 0.93, 0.93, 0.93, 0.91, 0.94, 0.93, 0.9, 0.95, 0.94, 0.93, 0.94, 0.94, 0.91, 0.94, 0.93, 0.93, 0.93, 0.94, 0.93, 0.92, 0.94, 0.94, 0.92, 0.92, 0.94, 0.93, 0.93, 0.94, 0.94, 0.94, 0.94, 0.92, 0.93, 0.92, 0.94, 0.95, 0.91, 0.94, 0.93, 0.93, 0.94, 0.93, 0.94, 0.94, 0.92, 0.93, 0.92, 0.94, 0.93, 0.94, 0.93, 0.92, 0.94, 0.93, 0.93, 0.94, 0.93, 0.94, 0.92, 0.95, 0.95, 0.93, 0.92, 0.94, 0.91, 0.94, 0.94, 0.94, 0.94, 0.93, 0.95, 0.91, 0.91, 0.93, 0.94, 0.93, 0.93, 0.93, 0.92, 0.94, 0.92, 0.9, 0.94, 0.94, 0.93, 0.94, 0.93, 0.93, 0.93, 0.93, 0.94, 0.93, 0.94, 0.93, 0.92, 0.94, 0.94, 0.94, 0.95, 0.94, 0.92, 0.95, 0.92, 0.94, 0.92, 0.94, 0.94, 0.95, 0.93, 0.94, 0.94, 0.93, 0.95, 0.93, 0.94, 0.94, 0.93, 0.93, 0.94, 0.93, 0.92, 0.92, 0.95, 0.93, 0.94, 0.93, 0.95, 0.93, 0.94, 0.94, 0.93, 0.93, 0.95, 0.93, 0.94, 0.94, 0.92, 0.94, 0.93, 0.93, 0.93, 0.94, 0.93, 0.93, 0.95, 0.94, 0.93, 0.95, 0.93, 0.94, 0.94, 0.96, 0.94, 0.94, 0.94, 0.93, 0.93, 0.93, 0.94, 0.94, 0.93, 0.94, 0.93, 0.93, 0.95, 0.96, 0.95, 0.94, 0.94, 0.92, 0.94, 0.94, 0.96, 0.92, 0.95, 0.95, 0.93, 0.95, 0.93, 0.95, 0.93, 0.93, 0.95, 0.93, 0.95, 0.93, 0.95, 0.94, 0.95, 0.93, 0.94, 0.94, 0.95, 0.95, 0.94, 0.95, 0.93, 0.94, 0.95, 0.93, 0.94, 0.93, 0.95, 0.93, 0.95, 0.93, 0.95, 0.95, 0.94, 0.93, 0.95, 0.92, 0.95, 0.94, 0.96, 0.95, 0.93, 0.95, 0.94, 0.93, 0.95, 0.93, 0.94, 0.94, 0.96, 0.95, 0.93, 0.95, 0.94, 0.95, 0.94, 0.95, 0.95, 0.93, 0.96, 0.95, 0.96, 0.92, 0.94, 0.93, 0.95, 0.93, 0.93, 0.94, 0.95, 0.94, 0.96, 0.93, 0.94, 0.95, 0.93, 0.94, 0.91, 0.93, 0.95, 0.94, 0.96, 0.95, 0.94, 0.94, 0.95, 0.94, 0.96, 0.95, 0.94, 0.94, 0.95, 0.93, 0.94, 0.96, 0.93, 0.95, 0.96, 0.92, 0.95, 0.91, 0.94, 0.96, 0.94, 0.95, 0.93, 0.95, 0.96, 0.95, 0.95, 0.95, 0.94, 0.95, 0.95, 0.93, 0.95, 0.95, 0.95, 0.94, 0.95, 0.94, 0.95, 0.95, 0.95, 0.95, 0.95, 0.94, 0.94, 0.94, 0.95, 0.94, 0.96, 0.95, 0.94, 0.94, 0.95, 0.94, 0.95, 0.94, 0.94, 0.95, 0.95, 0.95, 0.94, 0.93, 0.96, 0.96, 0.94, 0.95, 0.95, 0.95, 0.95, 0.95, 0.95, 0.95, 0.93, 0.96, 0.94, 0.93, 0.95, 0.95, 0.96, 0.95, 0.95, 0.96, 0.95, 0.96, 0.96, 0.95, 0.96, 0.93, 0.96, 0.95, 0.95, 0.94, 0.95, 0.95, 0.95, 0.96, 0.95, 0.96, 0.96, 0.95, 0.96, 0.96, 0.95, 0.96, 0.93, 0.95, 0.96, 0.96, 0.94, 0.96, 0.94, 0.95, 0.92, 0.95, 0.94, 0.95, 0.96, 0.95, 0.96, 0.94, 0.95, 0.96, 0.96, 0.94, 0.96, 0.95, 0.95, 0.95, 0.94, 0.96, 0.94, 0.96, 0.95, 0.96, 0.95, 0.95, 0.95, 0.96, 0.96, 0.96, 0.96, 0.95, 0.94, 0.95, 0.96, 0.95, 0.96, 0.96, 0.96, 0.95, 0.96, 0.95, 0.96, 0.96, 0.96, 0.95, 0.95, 0.96, 0.96, 0.96, 0.97]

