2020-05-08-23-42-07
{'learning_rate': 0.02, 'batch_size': 600, 'epoch': 5, 'train_mode': 'FedAvg', 'cla': 10}
Sequential(
  (0): Conv2D(1 -> 6, kernel_size=(5, 5), stride=(1, 1), Activation(relu))
  (1): MaxPool2D(size=(2, 2), stride=(2, 2), padding=(0, 0), ceil_mode=False, global_pool=False, pool_type=max, layout=NCHW)
  (2): Conv2D(6 -> 16, kernel_size=(5, 5), stride=(1, 1), Activation(relu))
  (3): MaxPool2D(size=(2, 2), stride=(2, 2), padding=(0, 0), ceil_mode=False, global_pool=False, pool_type=max, layout=NCHW)
  (4): Dense(256 -> 120, Activation(relu))
  (5): Dense(120 -> 84, Activation(relu))
  (6): Dense(84 -> 10, linear)
)
642
[0.12, 0.17, 0.17, 0.12, 0.19, 0.1, 0.28, 0.21, 0.16, 0.31, 0.32, 0.24, 0.19, 0.44, 0.19, 0.46, 0.36, 0.52, 0.55, 0.45, 0.59, 0.56, 0.38, 0.55, 0.47, 0.52, 0.66, 0.65, 0.63, 0.56, 0.7, 0.52, 0.64, 0.54, 0.6, 0.67, 0.66, 0.68, 0.6, 0.67, 0.73, 0.66, 0.64, 0.69, 0.68, 0.66, 0.72, 0.68, 0.55, 0.6, 0.6, 0.68, 0.73, 0.78, 0.68, 0.72, 0.65, 0.71, 0.72, 0.72, 0.75, 0.67, 0.7, 0.74, 0.76, 0.73, 0.75, 0.62, 0.69, 0.74, 0.76, 0.7, 0.6, 0.74, 0.69, 0.83, 0.78, 0.72, 0.75, 0.82, 0.77, 0.74, 0.78, 0.76, 0.78, 0.81, 0.73, 0.73, 0.79, 0.8, 0.81, 0.79, 0.79, 0.74, 0.71, 0.75, 0.79, 0.79, 0.82, 0.76, 0.84, 0.84, 0.79, 0.83, 0.75, 0.83, 0.81, 0.75, 0.82, 0.84, 0.86, 0.83, 0.68, 0.79, 0.84, 0.85, 0.84, 0.81, 0.82, 0.81, 0.83, 0.85, 0.85, 0.86, 0.84, 0.83, 0.83, 0.85, 0.83, 0.8, 0.81, 0.86, 0.82, 0.88, 0.84, 0.88, 0.88, 0.84, 0.85, 0.91, 0.89, 0.88, 0.87, 0.79, 0.84, 0.85, 0.9, 0.84, 0.84, 0.82, 0.83, 0.87, 0.86, 0.88, 0.89, 0.81, 0.85, 0.82, 0.84, 0.86, 0.87, 0.88, 0.87, 0.87, 0.85, 0.88, 0.84, 0.9, 0.9, 0.9, 0.86, 0.88, 0.89, 0.87, 0.91, 0.87, 0.88, 0.89, 0.86, 0.88, 0.88, 0.88, 0.88, 0.88, 0.9, 0.91, 0.89, 0.88, 0.9, 0.9, 0.9, 0.9, 0.9, 0.9, 0.9, 0.87, 0.86, 0.88, 0.88, 0.88, 0.85, 0.89, 0.89, 0.89, 0.9, 0.87, 0.88, 0.85, 0.87, 0.9, 0.91, 0.89, 0.9, 0.91, 0.9, 0.91, 0.92, 0.91, 0.92, 0.91, 0.88, 0.93, 0.91, 0.87, 0.93, 0.92, 0.89, 0.93, 0.91, 0.88, 0.94, 0.9, 0.93, 0.93, 0.93, 0.93, 0.9, 0.91, 0.87, 0.9, 0.9, 0.93, 0.92, 0.86, 0.91, 0.93, 0.93, 0.92, 0.9, 0.94, 0.95, 0.9, 0.9, 0.93, 0.92, 0.93, 0.92, 0.89, 0.92, 0.91, 0.91, 0.88, 0.93, 0.91, 0.95, 0.92, 0.92, 0.91, 0.93, 0.94, 0.94, 0.91, 0.93, 0.93, 0.93, 0.94, 0.93, 0.9, 0.93, 0.91, 0.93, 0.9, 0.93, 0.95, 0.94, 0.95, 0.92, 0.95, 0.92, 0.91, 0.93, 0.92, 0.9, 0.92, 0.91, 0.93, 0.93, 0.92, 0.94, 0.94, 0.89, 0.87, 0.9, 0.91, 0.94, 0.93, 0.96, 0.93, 0.94, 0.95, 0.96, 0.94, 0.95, 0.95, 0.93, 0.91, 0.94, 0.9, 0.91, 0.95, 0.93, 0.95, 0.93, 0.93, 0.94, 0.93, 0.92, 0.9, 0.92, 0.92, 0.93, 0.93, 0.96, 0.95, 0.94, 0.93, 0.96, 0.95, 0.95, 0.94, 0.96, 0.94, 0.95, 0.92, 0.95, 0.95, 0.94, 0.95, 0.95, 0.96, 0.93, 0.95, 0.91, 0.9, 0.94, 0.96, 0.95, 0.94, 0.96, 0.95, 0.93, 0.95, 0.94, 0.94, 0.95, 0.93, 0.95, 0.96, 0.95, 0.92, 0.96, 0.92, 0.95, 0.94, 0.94, 0.95, 0.96, 0.93, 0.94, 0.93, 0.93, 0.94, 0.96, 0.94, 0.96, 0.94, 0.95, 0.96, 0.95, 0.95, 0.95, 0.95, 0.96, 0.95, 0.95, 0.94, 0.95, 0.96, 0.95, 0.92, 0.96, 0.96, 0.93, 0.95, 0.96, 0.95, 0.96, 0.95, 0.94, 0.95, 0.92, 0.96, 0.95, 0.96, 0.94, 0.95, 0.95, 0.94, 0.95, 0.95, 0.96, 0.96, 0.95, 0.95, 0.94, 0.95, 0.96, 0.94, 0.95, 0.95, 0.95, 0.96, 0.96, 0.95, 0.94, 0.95, 0.94, 0.94, 0.96, 0.95, 0.95, 0.95, 0.95, 0.95, 0.96, 0.94, 0.94, 0.96, 0.95, 0.95, 0.95, 0.96, 0.95, 0.95, 0.95, 0.93, 0.96, 0.95, 0.94, 0.95, 0.94, 0.95, 0.95, 0.96, 0.96, 0.96, 0.95, 0.95, 0.95, 0.96, 0.95, 0.96, 0.96, 0.96, 0.96, 0.95, 0.95, 0.95, 0.96, 0.96, 0.96, 0.96, 0.95, 0.95, 0.96, 0.96, 0.95, 0.95, 0.95, 0.97, 0.94, 0.95, 0.97, 0.97, 0.95, 0.94, 0.94, 0.96, 0.95, 0.96, 0.97, 0.95, 0.96, 0.97, 0.95, 0.96, 0.96, 0.96, 0.96, 0.95, 0.96, 0.96, 0.96, 0.97, 0.96, 0.96, 0.95, 0.96, 0.96, 0.92, 0.9, 0.95, 0.95, 0.96, 0.95, 0.95, 0.96, 0.96, 0.95, 0.96, 0.96, 0.96, 0.96, 0.96, 0.96, 0.95, 0.95, 0.96, 0.95, 0.95, 0.95, 0.95, 0.96, 0.95, 0.96, 0.96, 0.96, 0.96, 0.95, 0.96, 0.97, 0.97, 0.95, 0.95, 0.93, 0.95, 0.96, 0.96, 0.96, 0.96, 0.95, 0.95, 0.95, 0.95, 0.96, 0.96, 0.96, 0.96, 0.96, 0.94, 0.95, 0.96, 0.96, 0.94, 0.94, 0.96, 0.97, 0.95, 0.95, 0.95, 0.95, 0.95, 0.95, 0.95, 0.96, 0.96, 0.96, 0.96, 0.95, 0.96, 0.94, 0.97, 0.97, 0.95, 0.96, 0.95, 0.96, 0.96, 0.96, 0.97, 0.96, 0.96, 0.96, 0.95, 0.96, 0.96, 0.96, 0.94, 0.97, 0.96, 0.95, 0.96, 0.97, 0.97, 0.95, 0.96, 0.97, 0.95, 0.96, 0.95, 0.95, 0.97, 0.96, 0.97, 0.97, 0.95, 0.96, 0.96, 0.96, 0.97, 0.97, 0.95, 0.97, 0.95, 0.96, 0.95, 0.95, 0.97, 0.96, 0.97, 0.96, 0.98]

