2020-05-19-20-28-31
{'learning_rate': 0.02, 'batch_size': 100, 'epoch': 5, 'train_mode': 'defined', 'cla': 10}
Sequential(
  (0): Dense(784 -> 128, Activation(relu))
  (1): Dense(128 -> 64, Activation(relu))
  (2): Dense(64 -> 10, linear)
)
134
[0.38, 0.72, 0.72, 0.74, 0.77, 0.79, 0.82, 0.81, 0.83, 0.79, 0.86, 0.82, 0.87, 0.86, 0.87, 0.85, 0.88, 0.87, 0.89, 0.86, 0.89, 0.85, 0.85, 0.87, 0.86, 0.84, 0.86, 0.82, 0.88, 0.88, 0.87, 0.9, 0.87, 0.88, 0.89, 0.89, 0.91, 0.88, 0.9, 0.88, 0.9, 0.9, 0.9, 0.9, 0.87, 0.9, 0.88, 0.9, 0.88, 0.92, 0.9, 0.9, 0.9, 0.9, 0.9, 0.93, 0.9, 0.92, 0.91, 0.91, 0.92, 0.9, 0.92, 0.94, 0.88, 0.89, 0.94, 0.93, 0.92, 0.93, 0.92, 0.91, 0.93, 0.91, 0.94, 0.92, 0.92, 0.92, 0.93, 0.91, 0.91, 0.93, 0.92, 0.93, 0.92, 0.91, 0.91, 0.95, 0.94, 0.92, 0.95, 0.92, 0.92, 0.92, 0.94, 0.91, 0.95, 0.91, 0.93, 0.93, 0.94, 0.95, 0.94, 0.93, 0.94, 0.92, 0.94, 0.94, 0.93, 0.94, 0.93, 0.93, 0.94, 0.94, 0.95, 0.93, 0.92, 0.92, 0.92, 0.92, 0.94, 0.91, 0.95, 0.91, 0.96, 0.93, 0.96, 0.93, 0.94, 0.94, 0.95, 0.92, 0.94, 0.98]

