2020-05-19-21-05-21
{'learning_rate': 0.02, 'batch_size': 100, 'epoch': 5, 'train_mode': 'defined', 'cla': 10}
Sequential(
  (0): Dense(784 -> 128, Activation(relu))
  (1): Dense(128 -> 64, Activation(relu))
  (2): Dense(64 -> 10, linear)
)
169
[0.31, 0.51, 0.68, 0.75, 0.76, 0.77, 0.77, 0.76, 0.8, 0.8, 0.81, 0.83, 0.83, 0.83, 0.85, 0.83, 0.83, 0.83, 0.83, 0.84, 0.85, 0.84, 0.84, 0.84, 0.84, 0.84, 0.84, 0.84, 0.84, 0.85, 0.85, 0.84, 0.84, 0.85, 0.85, 0.85, 0.85, 0.85, 0.85, 0.86, 0.85, 0.85, 0.85, 0.85, 0.85, 0.85, 0.86, 0.86, 0.86, 0.86, 0.86, 0.86, 0.86, 0.86, 0.86, 0.86, 0.86, 0.86, 0.86, 0.86, 0.86, 0.86, 0.86, 0.86, 0.86, 0.86, 0.86, 0.87, 0.86, 0.86, 0.86, 0.87, 0.87, 0.86, 0.87, 0.87, 0.86, 0.86, 0.86, 0.87, 0.86, 0.86, 0.86, 0.86, 0.87, 0.87, 0.86, 0.86, 0.86, 0.86, 0.86, 0.86, 0.86, 0.86, 0.87, 0.86, 0.86, 0.87, 0.87, 0.87, 0.87, 0.87, 0.86, 0.86, 0.87, 0.86, 0.86, 0.88, 0.87, 0.87, 0.86, 0.87, 0.87, 0.87, 0.88, 0.88, 0.87, 0.87, 0.87, 0.88, 0.87, 0.87, 0.88, 0.88, 0.88, 0.88, 0.87, 0.89, 0.89, 0.88, 0.88, 0.89, 0.89, 0.89, 0.89, 0.89, 0.88, 0.88, 0.88, 0.88, 0.89, 0.87, 0.88, 0.87, 0.87, 0.88, 0.89, 0.89, 0.88, 0.89, 0.88, 0.88, 0.89, 0.87, 0.88, 0.89, 0.89, 0.88, 0.88, 0.88, 0.88, 0.88, 0.88, 0.88, 0.88, 0.88, 0.88, 0.88, 0.88]

