2020-05-19-22-42-04
{'learning_rate': 0.02, 'batch_size': 100, 'epoch': 5, 'train_mode': 'defined', 'cla': 10}
Sequential(
  (0): Conv2D(1 -> 6, kernel_size=(5, 5), stride=(1, 1), Activation(relu))
  (1): MaxPool2D(size=(2, 2), stride=(2, 2), padding=(0, 0), ceil_mode=False, global_pool=False, pool_type=max, layout=NCHW)
  (2): Conv2D(6 -> 16, kernel_size=(5, 5), stride=(1, 1), Activation(relu))
  (3): MaxPool2D(size=(2, 2), stride=(2, 2), padding=(0, 0), ceil_mode=False, global_pool=False, pool_type=max, layout=NCHW)
  (4): Dense(256 -> 120, Activation(relu))
  (5): Dense(120 -> 84, Activation(relu))
  (6): Dense(84 -> 10, linear)
)
267
[0.21, 0.26, 0.32, 0.32, 0.24, 0.35, 0.36, 0.51, 0.54, 0.46, 0.52, 0.57, 0.58, 0.37, 0.44, 0.52, 0.55, 0.6, 0.65, 0.72, 0.64, 0.67, 0.72, 0.71, 0.55, 0.72, 0.72, 0.68, 0.68, 0.74, 0.78, 0.81, 0.66, 0.79, 0.75, 0.78, 0.75, 0.76, 0.86, 0.83, 0.85, 0.81, 0.84, 0.84, 0.81, 0.73, 0.79, 0.85, 0.84, 0.83, 0.82, 0.74, 0.87, 0.85, 0.86, 0.8, 0.79, 0.81, 0.85, 0.75, 0.76, 0.83, 0.86, 0.89, 0.88, 0.89, 0.87, 0.86, 0.85, 0.87, 0.87, 0.89, 0.85, 0.82, 0.87, 0.88, 0.83, 0.88, 0.89, 0.87, 0.88, 0.87, 0.88, 0.86, 0.87, 0.87, 0.88, 0.9, 0.87, 0.89, 0.88, 0.84, 0.91, 0.92, 0.91, 0.91, 0.83, 0.89, 0.93, 0.92, 0.91, 0.89, 0.87, 0.9, 0.84, 0.91, 0.93, 0.94, 0.88, 0.89, 0.81, 0.92, 0.89, 0.87, 0.9, 0.9, 0.91, 0.93, 0.9, 0.93, 0.89, 0.9, 0.92, 0.92, 0.88, 0.91, 0.92, 0.93, 0.91, 0.9, 0.9, 0.91, 0.92, 0.9, 0.93, 0.91, 0.94, 0.93, 0.92, 0.9, 0.92, 0.9, 0.86, 0.92, 0.87, 0.92, 0.93, 0.9, 0.92, 0.94, 0.93, 0.94, 0.92, 0.92, 0.91, 0.94, 0.91, 0.86, 0.92, 0.92, 0.93, 0.9, 0.91, 0.91, 0.94, 0.94, 0.93, 0.95, 0.9, 0.93, 0.94, 0.91, 0.92, 0.92, 0.94, 0.93, 0.95, 0.94, 0.95, 0.9, 0.93, 0.95, 0.95, 0.91, 0.93, 0.95, 0.96, 0.91, 0.9, 0.95, 0.95, 0.94, 0.93, 0.93, 0.92, 0.91, 0.96, 0.94, 0.95, 0.94, 0.94, 0.94, 0.94, 0.93, 0.95, 0.94, 0.95, 0.92, 0.95, 0.94, 0.94, 0.9, 0.94, 0.94, 0.94, 0.93, 0.92, 0.95, 0.94, 0.96, 0.93, 0.91, 0.89, 0.92, 0.94, 0.93, 0.95, 0.96, 0.95, 0.95, 0.92, 0.95, 0.95, 0.95, 0.95, 0.93, 0.95, 0.96, 0.94, 0.93, 0.96, 0.94, 0.94, 0.94, 0.93, 0.94, 0.94, 0.95, 0.94, 0.96, 0.93, 0.94, 0.94, 0.95, 0.95, 0.95, 0.95, 0.95, 0.95, 0.95, 0.95, 0.94, 0.94, 0.95, 0.96, 0.96, 0.97]

