2020-05-04-20-28-55
{'learning_rate': 0.04, 'batch_size': 50, 'epoch': 5, 'train_mode': 'FedAvg', 'cla': 10}
Sequential(
  (0): Dense(784 -> 128, Activation(relu))
  (1): Dense(128 -> 64, Activation(relu))
  (2): Dense(64 -> 10, linear)
)
10
[0.9, 0.91, 0.91, 0.92, 0.92, 0.91, 0.91, 0.9, 0.9, 0.91]
20
[0.9, 0.91, 0.91, 0.92, 0.92, 0.91, 0.91, 0.9, 0.9, 0.91, 0.89, 0.9, 0.9, 0.93, 0.91, 0.93, 0.93, 0.9, 0.91, 0.91]
30
[0.9, 0.91, 0.91, 0.92, 0.92, 0.91, 0.91, 0.9, 0.9, 0.91, 0.89, 0.9, 0.9, 0.93, 0.91, 0.93, 0.93, 0.9, 0.91, 0.91, 0.91, 0.9, 0.88, 0.89, 0.9, 0.91, 0.91, 0.9, 0.91, 0.92]
40
[0.9, 0.91, 0.91, 0.92, 0.92, 0.91, 0.91, 0.9, 0.9, 0.91, 0.89, 0.9, 0.9, 0.93, 0.91, 0.93, 0.93, 0.9, 0.91, 0.91, 0.91, 0.9, 0.88, 0.89, 0.9, 0.91, 0.91, 0.9, 0.91, 0.92, 0.91, 0.91, 0.92, 0.91, 0.9, 0.91, 0.91, 0.92, 0.9, 0.93]
50
[0.9, 0.91, 0.91, 0.92, 0.92, 0.91, 0.91, 0.9, 0.9, 0.91, 0.89, 0.9, 0.9, 0.93, 0.91, 0.93, 0.93, 0.9, 0.91, 0.91, 0.91, 0.9, 0.88, 0.89, 0.9, 0.91, 0.91, 0.9, 0.91, 0.92, 0.91, 0.91, 0.92, 0.91, 0.9, 0.91, 0.91, 0.92, 0.9, 0.93, 0.92, 0.92, 0.92, 0.92, 0.92, 0.91, 0.9, 0.91, 0.89, 0.91]
60
[0.9, 0.91, 0.91, 0.92, 0.92, 0.91, 0.91, 0.9, 0.9, 0.91, 0.89, 0.9, 0.9, 0.93, 0.91, 0.93, 0.93, 0.9, 0.91, 0.91, 0.91, 0.9, 0.88, 0.89, 0.9, 0.91, 0.91, 0.9, 0.91, 0.92, 0.91, 0.91, 0.92, 0.91, 0.9, 0.91, 0.91, 0.92, 0.9, 0.93, 0.92, 0.92, 0.92, 0.92, 0.92, 0.91, 0.9, 0.91, 0.89, 0.91, 0.93, 0.92, 0.92, 0.93, 0.92, 0.92, 0.91, 0.91, 0.91, 0.89]
70
[0.9, 0.91, 0.91, 0.92, 0.92, 0.91, 0.91, 0.9, 0.9, 0.91, 0.89, 0.9, 0.9, 0.93, 0.91, 0.93, 0.93, 0.9, 0.91, 0.91, 0.91, 0.9, 0.88, 0.89, 0.9, 0.91, 0.91, 0.9, 0.91, 0.92, 0.91, 0.91, 0.92, 0.91, 0.9, 0.91, 0.91, 0.92, 0.9, 0.93, 0.92, 0.92, 0.92, 0.92, 0.92, 0.91, 0.9, 0.91, 0.89, 0.91, 0.93, 0.92, 0.92, 0.93, 0.92, 0.92, 0.91, 0.91, 0.91, 0.89, 0.9, 0.89, 0.9, 0.9, 0.9, 0.92, 0.91, 0.91, 0.91, 0.91]
80
[0.9, 0.91, 0.91, 0.92, 0.92, 0.91, 0.91, 0.9, 0.9, 0.91, 0.89, 0.9, 0.9, 0.93, 0.91, 0.93, 0.93, 0.9, 0.91, 0.91, 0.91, 0.9, 0.88, 0.89, 0.9, 0.91, 0.91, 0.9, 0.91, 0.92, 0.91, 0.91, 0.92, 0.91, 0.9, 0.91, 0.91, 0.92, 0.9, 0.93, 0.92, 0.92, 0.92, 0.92, 0.92, 0.91, 0.9, 0.91, 0.89, 0.91, 0.93, 0.92, 0.92, 0.93, 0.92, 0.92, 0.91, 0.91, 0.91, 0.89, 0.9, 0.89, 0.9, 0.9, 0.9, 0.92, 0.91, 0.91, 0.91, 0.91, 0.9, 0.9, 0.89, 0.9, 0.9, 0.9, 0.9, 0.9, 0.92, 0.92]

