2020-05-02-19-48-48
{'learning_rate': 0.04, 'batch_size': 10, 'epoch': 5, 'train_mode': 'FedAvg', 'cla': 20}
Sequential(
  (0): Dense(784 -> 128, Activation(relu))
  (1): Dense(128 -> 64, Activation(relu))
  (2): Dense(64 -> 10, linear)
)
262
[0.28, 0.28, 0.23, 0.52, 0.57, 0.59, 0.6, 0.64, 0.67, 0.66, 0.68, 0.64, 0.76, 0.67, 0.71, 0.73, 0.72, 0.68, 0.75, 0.78, 0.72, 0.78, 0.76, 0.75, 0.75, 0.76, 0.83, 0.81, 0.79, 0.82, 0.84, 0.75, 0.77, 0.85, 0.82, 0.79, 0.85, 0.83, 0.86, 0.87, 0.88, 0.89, 0.86, 0.78, 0.87, 0.82, 0.84, 0.87, 0.84, 0.88, 0.83, 0.9, 0.85, 0.88, 0.79, 0.78, 0.81, 0.88, 0.86, 0.88, 0.87, 0.89, 0.86, 0.83, 0.88, 0.9, 0.89, 0.9, 0.89, 0.89, 0.88, 0.87, 0.82, 0.91, 0.84, 0.89, 0.9, 0.91, 0.9, 0.89, 0.87, 0.87, 0.87, 0.9, 0.91, 0.91, 0.86, 0.85, 0.91, 0.92, 0.9, 0.9, 0.9, 0.88, 0.9, 0.91, 0.89, 0.9, 0.9, 0.9, 0.87, 0.86, 0.91, 0.87, 0.88, 0.89, 0.91, 0.91, 0.9, 0.92, 0.9, 0.91, 0.92, 0.9, 0.93, 0.9, 0.89, 0.9, 0.91, 0.92, 0.91, 0.91, 0.91, 0.91, 0.9, 0.91, 0.9, 0.92, 0.94, 0.9, 0.92, 0.92, 0.91, 0.89, 0.91, 0.93, 0.87, 0.88, 0.93, 0.92, 0.93, 0.91, 0.92, 0.92, 0.91, 0.91, 0.92, 0.91, 0.91, 0.93, 0.94, 0.94, 0.92, 0.93, 0.92, 0.91, 0.9, 0.91, 0.91, 0.9, 0.92, 0.91, 0.92, 0.91, 0.92, 0.92, 0.91, 0.92, 0.92, 0.92, 0.93, 0.93, 0.93, 0.93, 0.93, 0.93, 0.92, 0.93, 0.91, 0.93, 0.92, 0.93, 0.92, 0.93, 0.92, 0.92, 0.91, 0.93, 0.93, 0.93, 0.94, 0.92, 0.92, 0.94, 0.95, 0.93, 0.92, 0.95, 0.93, 0.93, 0.94, 0.92, 0.93, 0.94, 0.93, 0.94, 0.89, 0.92, 0.93, 0.94, 0.95, 0.93, 0.92, 0.91, 0.93, 0.94, 0.93, 0.93, 0.93, 0.91, 0.94, 0.93, 0.94, 0.92, 0.93, 0.93, 0.92, 0.92, 0.94, 0.93, 0.94, 0.91, 0.93, 0.94, 0.94, 0.95, 0.93, 0.94, 0.93, 0.92, 0.94, 0.94, 0.92, 0.95, 0.95, 0.94, 0.92, 0.93, 0.94, 0.96, 0.93, 0.94, 0.93, 0.93, 0.94, 0.91, 0.92, 0.93, 0.94, 0.92, 0.94, 0.97]

