2020-05-20-00-18-31
{'learning_rate': 0.02, 'batch_size': 100, 'epoch': 5, 'train_mode': 'defined', 'cla': 10}
Sequential(
  (0): Conv2D(1 -> 6, kernel_size=(5, 5), stride=(1, 1), Activation(relu))
  (1): MaxPool2D(size=(2, 2), stride=(2, 2), padding=(0, 0), ceil_mode=False, global_pool=False, pool_type=max, layout=NCHW)
  (2): Conv2D(6 -> 16, kernel_size=(5, 5), stride=(1, 1), Activation(relu))
  (3): MaxPool2D(size=(2, 2), stride=(2, 2), padding=(0, 0), ceil_mode=False, global_pool=False, pool_type=max, layout=NCHW)
  (4): Dense(256 -> 120, Activation(relu))
  (5): Dense(120 -> 84, Activation(relu))
  (6): Dense(84 -> 10, linear)
)
129
[0.12, 0.13, 0.13, 0.24, 0.22, 0.17, 0.25, 0.33, 0.17, 0.25, 0.31, 0.39, 0.32, 0.25, 0.32, 0.3, 0.31, 0.34, 0.38, 0.38, 0.18, 0.28, 0.19, 0.39, 0.47, 0.48, 0.35, 0.32, 0.38, 0.46, 0.47, 0.47, 0.5, 0.5, 0.5, 0.51, 0.51, 0.57, 0.5, 0.51, 0.5, 0.58, 0.44, 0.49, 0.42, 0.44, 0.4, 0.39, 0.48, 0.53, 0.45, 0.43, 0.42, 0.5, 0.49, 0.56, 0.48, 0.5, 0.54, 0.47, 0.45, 0.53, 0.56, 0.52, 0.5, 0.48, 0.55, 0.48, 0.37, 0.56, 0.56, 0.62, 0.57, 0.55, 0.55, 0.55, 0.58, 0.55, 0.5, 0.57, 0.46, 0.54, 0.51, 0.46, 0.57, 0.62, 0.63, 0.61, 0.62, 0.61, 0.63, 0.57, 0.5, 0.6, 0.58, 0.52, 0.46, 0.6, 0.64, 0.61, 0.57, 0.6, 0.57, 0.6, 0.52, 0.56, 0.62, 0.54, 0.58, 0.58, 0.56, 0.56, 0.55, 0.62, 0.57, 0.59, 0.59, 0.47, 0.47, 0.47, 0.5, 0.52, 0.49, 0.48, 0.52, 0.64, 0.62, 0.43, 0.44]

