2020-05-03-11-53-37
{'learning_rate': 0.04, 'batch_size': 100, 'epoch': 5, 'train_mode': 'FedAvg', 'cla': 10}
Sequential(
  (0): Dense(784 -> 128, Activation(relu))
  (1): Dense(128 -> 64, Activation(relu))
  (2): Dense(64 -> 10, linear)
)
927
[0.13, 0.29, 0.34, 0.4, 0.41, 0.54, 0.53, 0.62, 0.49, 0.62, 0.57, 0.67, 0.51, 0.63, 0.68, 0.66, 0.65, 0.63, 0.65, 0.72, 0.74, 0.55, 0.71, 0.72, 0.77, 0.7, 0.72, 0.67, 0.64, 0.78, 0.72, 0.75, 0.62, 0.58, 0.81, 0.8, 0.71, 0.81, 0.82, 0.73, 0.62, 0.74, 0.76, 0.76, 0.8, 0.77, 0.75, 0.81, 0.82, 0.74, 0.83, 0.72, 0.8, 0.75, 0.84, 0.73, 0.77, 0.83, 0.83, 0.8, 0.77, 0.84, 0.84, 0.76, 0.74, 0.83, 0.77, 0.72, 0.75, 0.85, 0.79, 0.75, 0.79, 0.85, 0.81, 0.81, 0.85, 0.81, 0.81, 0.8, 0.83, 0.8, 0.76, 0.85, 0.8, 0.85, 0.8, 0.75, 0.82, 0.85, 0.86, 0.85, 0.81, 0.86, 0.82, 0.85, 0.85, 0.84, 0.82, 0.78, 0.87, 0.76, 0.83, 0.88, 0.82, 0.87, 0.84, 0.87, 0.84, 0.86, 0.84, 0.8, 0.86, 0.87, 0.83, 0.84, 0.78, 0.75, 0.86, 0.85, 0.87, 0.87, 0.76, 0.86, 0.83, 0.83, 0.89, 0.87, 0.87, 0.85, 0.86, 0.87, 0.84, 0.86, 0.83, 0.79, 0.87, 0.87, 0.89, 0.86, 0.87, 0.85, 0.86, 0.86, 0.84, 0.87, 0.81, 0.84, 0.86, 0.85, 0.88, 0.84, 0.82, 0.88, 0.81, 0.73, 0.86, 0.84, 0.84, 0.86, 0.86, 0.87, 0.85, 0.82, 0.81, 0.86, 0.84, 0.87, 0.91, 0.88, 0.87, 0.88, 0.88, 0.79, 0.84, 0.83, 0.81, 0.88, 0.78, 0.83, 0.81, 0.9, 0.82, 0.89, 0.86, 0.9, 0.91, 0.88, 0.82, 0.89, 0.85, 0.87, 0.89, 0.88, 0.9, 0.89, 0.89, 0.87, 0.9, 0.86, 0.89, 0.89, 0.87, 0.88, 0.86, 0.89, 0.9, 0.91, 0.86, 0.89, 0.9, 0.87, 0.88, 0.89, 0.89, 0.88, 0.89, 0.88, 0.81, 0.84, 0.88, 0.9, 0.9, 0.91, 0.9, 0.88, 0.85, 0.89, 0.87, 0.87, 0.89, 0.88, 0.92, 0.88, 0.89, 0.88, 0.89, 0.89, 0.87, 0.91, 0.91, 0.9, 0.89, 0.89, 0.9, 0.89, 0.91, 0.89, 0.92, 0.9, 0.9, 0.91, 0.86, 0.94, 0.9, 0.91, 0.89, 0.88, 0.89, 0.89, 0.89, 0.87, 0.89, 0.9, 0.89, 0.91, 0.9, 0.91, 0.87, 0.92, 0.91, 0.86, 0.9, 0.91, 0.91, 0.92, 0.9, 0.89, 0.89, 0.9, 0.9, 0.92, 0.92, 0.89, 0.92, 0.9, 0.9, 0.89, 0.9, 0.91, 0.88, 0.87, 0.9, 0.91, 0.91, 0.89, 0.81, 0.86, 0.89, 0.92, 0.92, 0.91, 0.91, 0.89, 0.92, 0.88, 0.91, 0.91, 0.91, 0.9, 0.9, 0.92, 0.91, 0.89, 0.9, 0.93, 0.85, 0.84, 0.92, 0.91, 0.92, 0.92, 0.91, 0.91, 0.92, 0.9, 0.91, 0.93, 0.94, 0.92, 0.87, 0.9, 0.91, 0.91, 0.92, 0.93, 0.91, 0.91, 0.91, 0.88, 0.9, 0.92, 0.92, 0.93, 0.9, 0.92, 0.92, 0.92, 0.92, 0.92, 0.92, 0.93, 0.92, 0.91, 0.92, 0.91, 0.92, 0.93, 0.88, 0.92, 0.92, 0.9, 0.92, 0.9, 0.94, 0.92, 0.93, 0.93, 0.93, 0.93, 0.93, 0.88, 0.9, 0.93, 0.92, 0.92, 0.92, 0.93, 0.9, 0.89, 0.91, 0.9, 0.88, 0.9, 0.9, 0.94, 0.92, 0.86, 0.94, 0.92, 0.92, 0.94, 0.9, 0.9, 0.92, 0.92, 0.93, 0.94, 0.93, 0.92, 0.88, 0.93, 0.94, 0.91, 0.89, 0.92, 0.94, 0.94, 0.94, 0.92, 0.92, 0.92, 0.92, 0.89, 0.91, 0.93, 0.95, 0.94, 0.92, 0.94, 0.95, 0.94, 0.93, 0.93, 0.95, 0.91, 0.91, 0.95, 0.88, 0.9, 0.92, 0.91, 0.92, 0.91, 0.9, 0.89, 0.92, 0.93, 0.93, 0.93, 0.92, 0.92, 0.94, 0.91, 0.93, 0.91, 0.92, 0.89, 0.94, 0.92, 0.89, 0.92, 0.93, 0.93, 0.94, 0.89, 0.89, 0.92, 0.89, 0.92, 0.94, 0.92, 0.92, 0.89, 0.94, 0.94, 0.93, 0.92, 0.92, 0.9, 0.92, 0.95, 0.9, 0.91, 0.93, 0.94, 0.93, 0.92, 0.93, 0.95, 0.92, 0.93, 0.92, 0.9, 0.9, 0.92, 0.95, 0.94, 0.92, 0.91, 0.92, 0.92, 0.93, 0.9, 0.91, 0.93, 0.94, 0.95, 0.93, 0.94, 0.95, 0.9, 0.92, 0.92, 0.94, 0.91, 0.83, 0.94, 0.94, 0.93, 0.94, 0.95, 0.94, 0.93, 0.93, 0.9, 0.93, 0.92, 0.93, 0.92, 0.94, 0.94, 0.93, 0.95, 0.93, 0.91, 0.95, 0.92, 0.94, 0.93, 0.94, 0.94, 0.94, 0.94, 0.92, 0.94, 0.93, 0.93, 0.93, 0.94, 0.89, 0.92, 0.93, 0.94, 0.96, 0.94, 0.92, 0.92, 0.92, 0.9, 0.91, 0.95, 0.94, 0.94, 0.92, 0.91, 0.92, 0.95, 0.91, 0.94, 0.9, 0.92, 0.93, 0.93, 0.94, 0.91, 0.93, 0.94, 0.95, 0.94, 0.94, 0.95, 0.93, 0.91, 0.92, 0.95, 0.89, 0.89, 0.93, 0.93, 0.92, 0.95, 0.93, 0.93, 0.96, 0.94, 0.93, 0.93, 0.93, 0.95, 0.93, 0.94, 0.94, 0.95, 0.92, 0.93, 0.94, 0.94, 0.95, 0.94, 0.93, 0.91, 0.87, 0.94, 0.94, 0.93, 0.92, 0.95, 0.93, 0.94, 0.93, 0.93, 0.93, 0.94, 0.94, 0.93, 0.94, 0.94, 0.94, 0.92, 0.92, 0.92, 0.95, 0.92, 0.93, 0.93, 0.95, 0.93, 0.95, 0.95, 0.93, 0.93, 0.94, 0.94, 0.95, 0.92, 0.95, 0.92, 0.95, 0.94, 0.94, 0.95, 0.94, 0.94, 0.94, 0.93, 0.96, 0.93, 0.92, 0.95, 0.94, 0.94, 0.93, 0.95, 0.94, 0.95, 0.92, 0.93, 0.94, 0.88, 0.93, 0.95, 0.93, 0.94, 0.94, 0.94, 0.94, 0.91, 0.92, 0.92, 0.94, 0.94, 0.95, 0.94, 0.94, 0.95, 0.94, 0.93, 0.94, 0.93, 0.89, 0.91, 0.95, 0.96, 0.95, 0.95, 0.94, 0.93, 0.96, 0.92, 0.95, 0.95, 0.94, 0.94, 0.95, 0.94, 0.94, 0.92, 0.95, 0.89, 0.95, 0.95, 0.92, 0.95, 0.94, 0.94, 0.94, 0.95, 0.93, 0.91, 0.91, 0.95, 0.94, 0.93, 0.95, 0.94, 0.95, 0.95, 0.93, 0.94, 0.93, 0.92, 0.95, 0.95, 0.95, 0.95, 0.96, 0.92, 0.94, 0.93, 0.95, 0.96, 0.91, 0.93, 0.93, 0.94, 0.92, 0.89, 0.93, 0.94, 0.93, 0.92, 0.94, 0.93, 0.94, 0.95, 0.95, 0.94, 0.95, 0.93, 0.93, 0.93, 0.93, 0.95, 0.94, 0.93, 0.93, 0.95, 0.94, 0.95, 0.95, 0.95, 0.95, 0.95, 0.95, 0.93, 0.92, 0.94, 0.92, 0.95, 0.95, 0.93, 0.94, 0.93, 0.95, 0.94, 0.96, 0.95, 0.95, 0.94, 0.94, 0.95, 0.93, 0.91, 0.93, 0.95, 0.94, 0.94, 0.93, 0.94, 0.93, 0.95, 0.95, 0.95, 0.95, 0.95, 0.95, 0.92, 0.93, 0.94, 0.94, 0.94, 0.92, 0.94, 0.94, 0.95, 0.96, 0.95, 0.95, 0.92, 0.92, 0.95, 0.95, 0.94, 0.93, 0.93, 0.92, 0.95, 0.95, 0.95, 0.93, 0.93, 0.95, 0.95, 0.95, 0.93, 0.93, 0.95, 0.93, 0.96, 0.94, 0.95, 0.94, 0.94, 0.94, 0.94, 0.95, 0.93, 0.92, 0.93, 0.94, 0.94, 0.92, 0.94, 0.96, 0.94, 0.96, 0.95, 0.95, 0.92, 0.92, 0.95, 0.96, 0.92, 0.94, 0.93, 0.93, 0.93, 0.95, 0.95, 0.94, 0.94, 0.94, 0.94, 0.94, 0.93, 0.95, 0.95, 0.95, 0.95, 0.94, 0.94, 0.95, 0.95, 0.91, 0.94, 0.94, 0.94, 0.95, 0.95, 0.94, 0.95, 0.95, 0.95, 0.95, 0.93, 0.95, 0.93, 0.92, 0.96, 0.92, 0.95, 0.94, 0.89, 0.92, 0.91, 0.96, 0.95, 0.95, 0.95, 0.94, 0.95, 0.95, 0.95, 0.93, 0.95, 0.94, 0.95, 0.94, 0.93, 0.93, 0.93, 0.95, 0.93, 0.92, 0.93, 0.93, 0.93, 0.93, 0.95, 0.94, 0.92, 0.94, 0.94, 0.94, 0.9, 0.98]

