2020-05-02-21-39-10
{'learning_rate': 0.04, 'batch_size': 10, 'epoch': 5, 'train_mode': 'FedAvg', 'cla': 50}
Sequential(
  (0): Dense(784 -> 128, Activation(relu))
  (1): Dense(128 -> 64, Activation(relu))
  (2): Dense(64 -> 10, linear)
)
191
[0.24, 0.42, 0.46, 0.58, 0.6, 0.63, 0.63, 0.66, 0.68, 0.71, 0.7, 0.7, 0.7, 0.71, 0.72, 0.74, 0.73, 0.73, 0.73, 0.77, 0.78, 0.77, 0.8, 0.78, 0.81, 0.82, 0.8, 0.81, 0.85, 0.81, 0.8, 0.79, 0.85, 0.82, 0.81, 0.82, 0.84, 0.85, 0.79, 0.85, 0.86, 0.85, 0.84, 0.86, 0.88, 0.86, 0.87, 0.86, 0.89, 0.87, 0.88, 0.88, 0.82, 0.89, 0.89, 0.88, 0.88, 0.88, 0.89, 0.88, 0.88, 0.89, 0.88, 0.89, 0.91, 0.89, 0.88, 0.88, 0.89, 0.89, 0.88, 0.91, 0.91, 0.89, 0.88, 0.89, 0.9, 0.9, 0.9, 0.89, 0.9, 0.9, 0.91, 0.88, 0.9, 0.9, 0.9, 0.9, 0.9, 0.9, 0.91, 0.9, 0.9, 0.9, 0.9, 0.9, 0.91, 0.9, 0.89, 0.91, 0.9, 0.91, 0.9, 0.9, 0.9, 0.9, 0.9, 0.89, 0.92, 0.9, 0.91, 0.9, 0.92, 0.91, 0.9, 0.91, 0.92, 0.91, 0.91, 0.9, 0.9, 0.91, 0.91, 0.91, 0.91, 0.91, 0.9, 0.91, 0.89, 0.91, 0.92, 0.91, 0.92, 0.9, 0.91, 0.91, 0.92, 0.92, 0.92, 0.92, 0.91, 0.92, 0.91, 0.91, 0.93, 0.9, 0.91, 0.92, 0.92, 0.91, 0.92, 0.93, 0.92, 0.9, 0.92, 0.91, 0.92, 0.93, 0.92, 0.91, 0.93, 0.93, 0.91, 0.91, 0.93, 0.92, 0.92, 0.92, 0.91, 0.92, 0.91, 0.93, 0.92, 0.91, 0.93, 0.92, 0.92, 0.92, 0.93, 0.93, 0.91, 0.91, 0.92, 0.91, 0.91, 0.93, 0.93, 0.92, 0.92, 0.92, 0.92]

