2020-05-19-21-40-55
{'learning_rate': 0.02, 'batch_size': 100, 'epoch': 5, 'train_mode': 'defined', 'cla': 10}
Sequential(
  (0): Dense(784 -> 128, Activation(relu))
  (1): Dense(128 -> 64, Activation(relu))
  (2): Dense(64 -> 10, linear)
)
219
[0.24, 0.28, 0.32, 0.22, 0.46, 0.47, 0.45, 0.54, 0.61, 0.55, 0.63, 0.46, 0.53, 0.59, 0.6, 0.71, 0.7, 0.66, 0.63, 0.67, 0.64, 0.45, 0.6, 0.67, 0.68, 0.7, 0.65, 0.74, 0.53, 0.67, 0.67, 0.58, 0.72, 0.65, 0.7, 0.44, 0.66, 0.72, 0.68, 0.65, 0.7, 0.64, 0.76, 0.66, 0.74, 0.68, 0.68, 0.7, 0.76, 0.68, 0.81, 0.76, 0.7, 0.79, 0.7, 0.82, 0.64, 0.62, 0.76, 0.71, 0.72, 0.81, 0.74, 0.69, 0.79, 0.74, 0.72, 0.82, 0.76, 0.73, 0.76, 0.77, 0.75, 0.75, 0.8, 0.73, 0.75, 0.84, 0.76, 0.8, 0.63, 0.74, 0.66, 0.82, 0.83, 0.82, 0.84, 0.71, 0.74, 0.78, 0.81, 0.81, 0.81, 0.78, 0.72, 0.69, 0.75, 0.76, 0.8, 0.85, 0.85, 0.83, 0.82, 0.81, 0.78, 0.81, 0.76, 0.82, 0.84, 0.84, 0.85, 0.84, 0.78, 0.72, 0.76, 0.66, 0.84, 0.79, 0.76, 0.85, 0.77, 0.68, 0.83, 0.77, 0.83, 0.71, 0.7, 0.84, 0.82, 0.87, 0.84, 0.85, 0.86, 0.81, 0.82, 0.81, 0.82, 0.85, 0.81, 0.86, 0.82, 0.86, 0.88, 0.85, 0.77, 0.85, 0.81, 0.81, 0.82, 0.86, 0.81, 0.81, 0.83, 0.87, 0.8, 0.86, 0.82, 0.84, 0.84, 0.8, 0.81, 0.86, 0.79, 0.8, 0.81, 0.75, 0.82, 0.88, 0.78, 0.88, 0.86, 0.88, 0.82, 0.87, 0.86, 0.84, 0.81, 0.79, 0.86, 0.84, 0.81, 0.8, 0.82, 0.86, 0.86, 0.81, 0.82, 0.81, 0.85, 0.79, 0.88, 0.82, 0.88, 0.84, 0.84, 0.79, 0.81, 0.82, 0.81, 0.85, 0.81, 0.84, 0.68, 0.85, 0.87, 0.84, 0.8, 0.88, 0.81, 0.86, 0.88, 0.8, 0.78, 0.79, 0.74, 0.83, 0.85, 0.88, 0.84]

 