[
[[[[-0.00896664 -0.02422273 -0.13265736 -0.09084685 -0.06789866]
   [ 0.15618756  0.06741816 -0.08321913  0.06192687 -0.08180799]
   [ 0.06506112 -0.09078952 -0.03156006 -0.13953766  0.13864067]
   [ 0.11023325  0.05570446 -0.05172077 -0.08313625 -0.00989181]
   [-0.14077966  0.14665693 -0.05169171 -0.1296217  -0.00054578]]]


 [[[-0.13999268  0.08735618  0.07750933 -0.15831783 -0.1283224 ]
   [-0.1052136  -0.10921997  0.08142199  0.0033613   0.08995096]
   [ 0.05270937  0.13368878 -0.11447658 -0.14692983 -0.0668618 ]
   [ 0.10103044  0.15242231  0.15186551 -0.01380678 -0.00552493]
   [ 0.10580635  0.10008222 -0.15161535 -0.03909136  0.05994298]]]


 [[[-0.14143555  0.15078604 -0.14977945 -0.07854521  0.01202706]
   [-0.05121127  0.10460731  0.09184098  0.0230588   0.11606342]
   [-0.00057529  0.00955202 -0.15840869  0.1021874  -0.13302538]
   [ 0.12139866 -0.07996049  0.02846499  0.00643606 -0.01328444]
   [-0.06220566  0.1251952  -0.10862401 -0.02038436 -0.06352782]]]


 [[[-0.04127313  0.04985441  0.01477976 -0.02540083 -0.15536043]
   [ 0.06819426 -0.05755193 -0.04495937  0.1458236  -0.08749127]
   [ 0.03041193 -0.15153012  0.10378256 -0.03435586  0.10331321]
   [-0.1534235   0.12012371 -0.04206032  0.13565284 -0.10109811]
   [ 0.06618758  0.00474489  0.04833822 -0.05992799  0.02483772]]]


 [[[-0.07978494  0.10268879  0.15898892 -0.08327471 -0.11691993]
   [ 0.14875403  0.12916979 -0.12718706 -0.12367618  0.09410897]
   [-0.07104429 -0.02155614 -0.11158212 -0.04168326 -0.10781039]
   [-0.07282366 -0.02015397 -0.00037389 -0.03371412  0.04179609]
   [ 0.01644148 -0.03589085 -0.06195425  0.06449324  0.03025353]]]


 [[[ 0.06474647 -0.02735789  0.115677    0.00233962  0.05422571]
   [-0.00372088 -0.14189218 -0.14594623  0.09807929  0.11938614]
   [ 0.15474355 -0.08807039  0.08135217  0.07869714  0.12072882]
   [-0.10527186 -0.0660407  -0.15623304 -0.09288596  0.09343216]
   [-0.02428538 -0.08050504 -0.1319613  -0.03415792  0.10424155]]]]
<NDArray 6x1x5x5 @gpu(0)>, 
[[[[ 6.34865239e-02  7.80874267e-02 -7.79540911e-02  8.45263153e-03
    -8.37831423e-02]
   [ 1.82982609e-02  2.66412348e-02  3.14701945e-02 -6.81698322e-04
    -8.78424942e-03]
   [-7.77509138e-02 -4.31280695e-02  2.91017070e-02 -7.75256753e-03
    -4.88541983e-02]
   [-2.10946798e-03  5.14606386e-03 -6.49616122e-03  6.52305260e-02
     3.77376452e-02]
   [-2.84982994e-02 -7.80461431e-02  7.88775757e-02  8.46932456e-02
    -1.00257620e-02]]

  [[-3.51034664e-02  7.23006800e-02 -4.88976836e-02  3.41257006e-02
    -7.44917169e-02]
   [ 5.23096696e-02  5.50532266e-02  1.69667602e-02 -1.12215430e-02
     1.69615299e-02]
   [-8.98165852e-02  4.43134531e-02 -1.27788410e-02  4.31742296e-02
     7.94404671e-02]
   [ 8.88395831e-02  1.21634156e-02  3.79137024e-02 -8.77418444e-02
    -5.77789582e-02]
   [-1.10523105e-02 -2.78530717e-02 -6.76887035e-02 -2.36584917e-02
    -7.15466365e-02]]

  [[-1.62151456e-02 -2.57706866e-02 -1.85488462e-02  3.67494673e-03
     1.52392387e-02]
   [ 2.92997882e-02 -7.71851540e-02  3.33663076e-02 -3.76739092e-02
     7.83787146e-02]
   [-6.74789026e-02  4.34006229e-02  4.78541926e-02 -4.61924374e-02
    -4.47774865e-02]
   [-8.21228623e-02 -5.89477420e-02  4.49790284e-02  5.22023812e-02
     2.86989734e-02]
   [-3.28670517e-02 -1.88143626e-02  4.96298745e-02  7.02846125e-02
    -1.18710846e-02]]

  [[ 3.72003391e-02  1.78321302e-02 -7.59795159e-02  3.50879505e-02
    -7.34695941e-02]
   [-7.93776661e-03  1.06691569e-03  6.17704168e-02 -2.01401189e-02
    -3.93142253e-02]
   [-5.30558079e-03  1.07338727e-02  3.72313783e-02  6.88457116e-02
    -2.92717740e-02]
   [-8.73123854e-02  7.94551149e-02  6.84055761e-02 -6.54581860e-02
     1.41605064e-02]
   [ 7.60985166e-03  1.07542723e-02 -5.31004369e-02  4.82120141e-02
     5.66980466e-02]]

  [[-4.73967120e-02  4.93802875e-03  3.69803235e-02  5.30646369e-02
    -5.78941442e-02]
   [ 2.93311477e-03  8.76369551e-02  1.55174062e-02  8.32409188e-02
     3.14119756e-02]
   [ 8.99919495e-02  8.59493837e-02 -7.95565993e-02  3.32394689e-02
    -7.24655241e-02]
   [ 7.60277137e-02  3.22681665e-03 -8.61035511e-02  6.79712966e-02
     3.36929038e-02]
   [-6.27788901e-02  2.45525911e-02  8.79206583e-02 -5.96194528e-02
     2.78885961e-02]]

  [[-3.95530835e-02 -2.42867321e-02 -5.07285930e-02  5.77197447e-02
    -7.86949024e-02]
   [-4.65381965e-02  2.21363157e-02  8.47770646e-02  3.64183709e-02
     8.24914500e-02]
   [ 8.42803940e-02 -6.02246821e-03 -3.09786312e-02 -7.63880834e-02
    -8.96494612e-02]
   [ 1.05093345e-02  5.00888750e-02 -7.10544884e-02 -8.55677575e-02
    -4.08251025e-02]
   [ 8.80981907e-02 -5.05926162e-02 -6.96803480e-02  8.48503485e-02
    -6.65887594e-02]]]


 [[[-4.33210656e-02 -8.33225176e-02  6.88075349e-02  4.48880121e-02
     2.08699331e-02]
   [-2.22238377e-02 -3.72748859e-02 -6.59831464e-02 -1.97937563e-02
    -8.63119960e-03]
   [ 6.92371204e-02  3.31450254e-03 -8.51347744e-02  7.46364519e-02
     4.83505204e-02]
   [ 6.16045669e-02  7.90899917e-02  8.47728923e-02  6.40232861e-03
    -5.80159277e-02]
   [-3.45743448e-03  2.85935625e-02 -4.40520197e-02 -6.28837347e-02
    -8.05491209e-03]]

  [[ 5.08448109e-02 -2.05919147e-02  8.72926489e-02 -6.91555813e-02
    -5.29345311e-02]
   [ 5.50612733e-02 -5.97635694e-02  3.48362997e-02  1.80693716e-02
    -4.84491885e-02]
   [-5.54107875e-02  3.28696668e-02  3.56609002e-02  4.02625650e-03
    -4.78126854e-03]
   [-5.41201271e-02 -2.03973353e-02 -8.90223980e-02  9.51332599e-03
     5.10495082e-02]
   [ 9.87143815e-03 -3.52696925e-02 -5.53393327e-02 -3.43109071e-02
    -2.97075249e-02]]

  [[-5.69683984e-02 -6.17845431e-02 -7.35315382e-02 -6.85402751e-02
     2.30919793e-02]
   [-3.72649729e-03  4.44772765e-02 -6.37422502e-02 -6.02832809e-02
     3.07209864e-02]
   [-1.15184486e-03 -4.03965972e-02 -8.64366740e-02  4.37310115e-02
    -3.68448645e-02]
   [ 2.58700550e-03 -4.60451767e-02 -3.08665745e-02  4.04242054e-02
    -4.88264188e-02]
   [ 1.23836622e-02 -5.49672358e-02  2.24160403e-03 -4.77977619e-02
     3.92390266e-02]]

  [[ 7.25492910e-02  8.57276693e-02  5.01998290e-02  7.47973248e-02
    -3.37736309e-02]
   [-5.22856303e-02 -6.76756948e-02 -3.19706313e-02 -6.44789338e-02
    -3.75765711e-02]
   [ 2.74846479e-02  2.41092667e-02  5.29142395e-02 -7.74068758e-02
    -6.39561266e-02]
   [-8.39275867e-02 -8.66561830e-02  5.81649616e-02  5.62825575e-02
     4.28664312e-02]
   [ 6.18165657e-02 -7.85559043e-02  3.96170393e-02  7.65506551e-02
    -8.44138041e-02]]

  [[-7.05088899e-02  6.98460266e-02 -7.01751113e-02 -4.94310185e-02
     8.65166113e-02]
   [ 2.10793912e-02 -6.08921051e-04 -7.76441395e-02 -6.16262034e-02
    -3.73829119e-02]
   [ 5.52362427e-02  6.40594140e-02  7.08563998e-02  6.73121884e-02
    -1.19675100e-02]
   [ 3.61685976e-02 -5.85482568e-02  6.44996762e-05 -8.10421109e-02
     5.66687211e-02]
   [ 4.52181622e-02  2.98148096e-02  1.55579299e-03 -2.28649080e-02
     2.27665901e-02]]

  [[-4.80553210e-02 -4.91551459e-02 -6.06449544e-02 -3.00360061e-02
     7.12864771e-02]
   [ 2.22488716e-02 -5.38221151e-02  1.28070042e-02 -6.66792244e-02
     1.02599114e-02]
   [ 5.54949418e-02 -9.20563191e-03  5.01652807e-03  7.10059926e-02
    -7.05174729e-02]
   [ 5.60309514e-02 -1.82848051e-02 -3.81865725e-02  1.97609514e-02
    -1.80919692e-02]
   [-7.42845982e-02 -1.02887303e-02 -4.39239815e-02 -2.42914036e-02
     5.23747876e-02]]]


 [[[-8.95153880e-02  8.69114473e-02  1.00007281e-02 -7.85634890e-02
     2.70891711e-02]
   [-8.43072683e-03  7.72161782e-03  6.68859109e-02 -1.58766657e-02
    -2.13162228e-02]
   [ 7.50076026e-03 -3.37281823e-03 -4.83064391e-02  5.86845353e-02
    -7.17610121e-04]
   [-8.51365477e-02  1.82133242e-02  1.40896291e-02  2.03871951e-02
     6.57582507e-02]
   [ 1.16274506e-03 -3.44230942e-02  2.43908688e-02 -1.79452300e-02
     9.77851450e-04]]

  [[-1.79776996e-02 -1.88386068e-02  3.79532501e-02  5.45704737e-02
    -3.56046110e-03]
   [-6.69159293e-02 -3.30983624e-02  4.43258956e-02 -1.20295584e-03
    -2.42069289e-02]
   [ 3.68632153e-02  6.91565052e-02  7.72684142e-02 -3.31988186e-02
    -3.39612588e-02]
   [ 4.08733413e-02  1.80945620e-02 -4.14367951e-02  5.39173260e-02
     6.29540905e-02]
   [ 7.50442222e-02 -9.50466841e-03 -1.83146149e-02  8.78249854e-03
     1.95747465e-02]]

  [[ 3.12236995e-02 -5.43295592e-03 -5.51087037e-02 -4.35574651e-02
     4.37764600e-02]
   [ 2.76563689e-02 -3.43135074e-02 -7.62739629e-02  1.38359442e-02
     1.55389979e-02]
   [ 7.15617016e-02  7.24941716e-02  3.00528482e-02  3.96290347e-02
    -6.16408661e-02]
   [ 6.93326071e-02  8.04996863e-02  5.01491055e-02 -3.74252684e-02
    -4.22001444e-02]
   [ 3.96606103e-02 -1.24998242e-02  2.18748152e-02 -4.80362773e-03
    -4.63252999e-02]]

  [[-6.57792389e-03 -4.16006520e-02  3.77861336e-02 -5.38182817e-02
     5.59009090e-02]
   [-7.00564384e-02 -2.47216299e-02  7.77734891e-02  6.17632493e-02
     5.36812320e-02]
   [-1.08880699e-02 -2.66789719e-02  7.73166940e-02  1.11590326e-03
    -4.31108959e-02]
   [ 8.83929208e-02  2.07265615e-02  8.39314386e-02 -2.07417831e-02
     8.10529217e-02]
   [-6.58804849e-02  1.10264868e-03  2.71368250e-02  2.76155248e-02
     2.98006609e-02]]

  [[ 1.67715028e-02  5.29181957e-03 -2.96592712e-04  4.99392226e-02
     6.66472092e-02]
   [ 2.25236341e-02  2.59313956e-02  8.22339281e-02  3.79085913e-02
    -8.40987191e-02]
   [ 6.53174520e-03 -9.00635198e-02  4.37797531e-02 -8.65872428e-02
    -5.97959235e-02]
   [-9.54240561e-03  8.56309161e-02 -1.30490437e-02 -1.15097463e-02
     7.33640864e-02]
   [-8.59123021e-02 -2.78772973e-02  5.03953174e-02  4.77475449e-02
    -8.00471604e-02]]

  [[-4.60200049e-02 -9.81143862e-03 -5.03481179e-03  4.00422737e-02
     8.86778012e-02]
   [-1.43242627e-03 -2.97998898e-02 -1.20069757e-02  8.85911286e-04
    -1.66413859e-02]
   [ 5.76591268e-02 -3.16037685e-02 -5.26579469e-03  4.06251624e-02
     5.94222918e-02]
   [ 7.05662742e-02  1.14315748e-03  2.81173438e-02 -7.57060573e-02
     6.05760440e-02]
   [ 1.56749934e-02 -4.81769480e-02 -5.76801002e-02 -8.96880627e-02
     6.10882565e-02]]]


 ...


 [[[-4.47406210e-02 -2.83523202e-02  7.50683919e-02  5.35442904e-02
     7.77399763e-02]
   [ 5.11243865e-02 -6.43512458e-02 -2.66551971e-02  7.64026269e-02
     2.56232917e-03]
   [-4.74746823e-02 -3.10331583e-04  3.47850844e-02 -8.12405050e-02
    -6.40062392e-02]
   [-7.65017495e-02  9.01672021e-02  6.10607490e-02 -1.18854642e-02
     7.44583085e-02]
   [-5.02843447e-02 -2.09032223e-02 -2.22925916e-02  8.54599252e-02
     5.70478663e-02]]

  [[-7.23293275e-02  4.17136326e-02 -2.28506327e-03  6.21161088e-02
     1.50712654e-02]
   [-3.10573727e-03 -4.02876697e-02  5.81293926e-02  8.84001330e-02
     1.56279728e-02]
   [-5.26830815e-02 -6.33212328e-02  5.27891144e-02  2.36872509e-02
    -2.98855901e-02]
   [ 7.60805532e-02 -2.49052271e-02  6.73402622e-02 -1.61683932e-02
     8.59399959e-02]
   [-8.89679343e-02  7.51122311e-02  3.00926045e-02 -3.65693495e-02
    -4.01495285e-02]]

  [[-1.33131891e-02  4.27740440e-02 -7.87298754e-02 -7.88948163e-02
     6.67877123e-02]
   [ 5.11959121e-02  5.38821742e-02 -6.02015853e-02 -8.48747417e-02
     1.30543932e-02]
   [ 5.82764074e-02 -3.50863971e-02  1.42415985e-02  5.41286096e-02
    -7.16809928e-02]
   [ 9.63381678e-03  7.75139406e-02  1.59153640e-02 -4.43431735e-03
     6.82349503e-03]
   [-4.00424413e-02  1.98419020e-02  3.03034782e-02 -4.00433242e-02
    -6.38162047e-02]]

  [[ 8.90964642e-02  4.72224131e-02 -1.60044134e-02  4.98369113e-02
    -2.98873447e-02]
   [-3.65471132e-02 -5.08012883e-02  7.88891241e-02 -6.76300377e-03
     4.63182107e-02]
   [ 6.84652701e-02  7.95202926e-02 -5.30550629e-03  5.40665314e-02
     3.93068567e-02]
   [ 6.09550849e-02 -4.69611585e-03  5.94876185e-02  5.11290506e-02
    -3.22071463e-02]
   [ 2.69662961e-02  5.02294227e-02 -3.91651988e-02 -1.94959193e-02
    -3.40846926e-02]]

  [[ 3.21556106e-02  2.23651528e-03  7.88296759e-03 -4.03003432e-02
     5.61298057e-02]
   [ 1.89527869e-04 -3.16368900e-02 -8.21958184e-02 -8.86839107e-02
    -5.29647283e-02]
   [ 1.69514269e-02  2.82244608e-02  7.19005093e-02 -5.05958572e-02
    -6.19043037e-02]
   [-6.60791993e-02  7.40548000e-02 -8.49016458e-02 -5.37642017e-02
     7.19728321e-03]
   [-8.61082971e-03  7.04950169e-02 -4.42823991e-02 -7.24000782e-02
    -7.44867846e-02]]

  [[-7.86317736e-02 -6.12036549e-02  8.68999586e-02  2.40539685e-02
     2.49161422e-02]
   [-7.93305486e-02 -1.06378272e-02 -1.24672055e-03 -1.89386383e-02
    -2.67314464e-02]
   [ 3.57310101e-02  8.73794183e-02 -6.60718083e-02  2.48040631e-02
     4.00295928e-02]
   [ 8.63692537e-02 -2.73780674e-02  1.13034472e-02 -5.33049814e-02
    -6.01609573e-02]
   [ 2.00187117e-02  2.18855143e-02 -1.12769604e-02 -2.60878652e-02
    -1.34174824e-02]]]


 [[[ 9.37923789e-03 -3.85799557e-02  5.52759990e-02  6.24445900e-02
     5.93491644e-03]
   [-1.06502250e-02  8.99818018e-02 -1.61480308e-02  8.05322453e-02
     6.97148070e-02]
   [-2.71327719e-02 -8.45860392e-02 -8.14816430e-02 -5.26096672e-03
     6.86929002e-02]
   [-8.99743885e-02  3.82202640e-02 -4.15571965e-02 -2.35988572e-02
    -8.75559449e-03]
   [ 1.44680068e-02  1.60458535e-02 -4.94008027e-02  6.09947518e-02
     7.44290873e-02]]

  [[-4.17164713e-03  7.93698207e-02 -7.70427883e-02 -2.74102017e-02
    -8.73094127e-02]
   [-1.55894756e-02 -4.81796376e-02  9.25529003e-03 -8.79276320e-02
     2.70783156e-02]
   [ 6.24816641e-02 -8.84272158e-03  8.26131776e-02  7.90386274e-02
     2.35019922e-02]
   [-8.08337927e-02  5.61797842e-02 -6.97286353e-02  1.24323666e-02
     7.17154071e-02]
   [ 5.76910898e-02 -4.03404236e-04 -4.71950732e-02  4.28643748e-02
     7.46658668e-02]]

  [[-4.69408184e-02 -1.05526298e-02  7.49171302e-02  1.17782727e-02
     7.01266900e-02]
   [-8.06672126e-02 -1.03510171e-03 -3.55949104e-02  1.93141252e-02
     8.95513222e-02]
   [ 8.73092785e-02 -3.25960368e-02  7.30462894e-02  8.98412988e-02
    -2.78891586e-02]
   [ 6.59289435e-02 -2.05665454e-02 -5.92403337e-02  3.74170914e-02
    -1.76203996e-03]
   [-2.04108655e-02 -6.58937097e-02 -8.35971236e-02 -3.44166122e-02
     4.05161604e-02]]

  [[-1.08666942e-02  8.26410949e-03  7.17807934e-02 -5.65333664e-03
     2.92655528e-02]
   [ 7.52034262e-02  8.29369649e-02 -4.86338548e-02 -2.60248333e-02
     5.24572656e-02]
   [-4.14623208e-02 -1.53302848e-02 -5.29699251e-02 -4.35051322e-02
    -8.19307566e-02]
   [ 4.36368212e-02 -1.33309215e-02  3.78293470e-02  7.26013258e-02
    -1.22655705e-02]
   [ 7.77819380e-02 -5.96009195e-03  4.16783765e-02 -7.95365870e-02
     2.06728131e-02]]

  [[-4.80327979e-02  7.81576559e-02  1.85562372e-02 -4.58807498e-03
    -4.27786484e-02]
   [ 7.96474740e-02  8.94649997e-02 -2.09311023e-02 -7.64303133e-02
     3.56031284e-02]
   [-7.19101280e-02  2.65316144e-02 -7.87363946e-03 -7.80978501e-02
     7.81783089e-02]
   [ 8.43677595e-02 -8.31074044e-02  1.95074081e-02  7.42625073e-02
     2.81429216e-02]
   [-3.57175432e-02 -8.41071904e-02  6.12108335e-02 -5.96338324e-02
    -8.19368362e-02]]

  [[ 1.23953223e-02  3.86658981e-02 -5.38854226e-02  3.59297320e-02
    -8.56470838e-02]
   [ 8.42222497e-02  4.61325422e-02  4.75751683e-02 -7.59565085e-02
    -3.18031758e-02]
   [-7.79154301e-02  4.90567833e-03  7.84837827e-02 -4.66017015e-02
    -5.25337048e-02]
   [-7.34926686e-02  1.83076188e-02  8.69009718e-02  3.06925178e-03
    -1.05154887e-02]
   [ 6.82413951e-02 -7.11033568e-02 -6.63664863e-02 -3.90245467e-02
     5.65987080e-03]]]


 [[[ 5.58446869e-02  5.17633930e-02  3.60807255e-02 -3.98410596e-02
    -5.43048978e-03]
   [-4.56787720e-02  6.48650602e-02 -3.79212871e-02  5.24635389e-02
    -6.64821938e-02]
   [-5.33428527e-02 -3.04135904e-02 -8.98315385e-02  7.47595504e-02
     4.73186299e-02]
   [-7.04748556e-02  8.94860104e-02 -3.53968143e-02  1.96934417e-02
    -7.12561905e-02]
   [-1.05166510e-02 -6.59989715e-02  1.93746835e-02  1.68287084e-02
     4.58029583e-02]]

  [[-1.93919539e-02 -8.79694670e-02 -4.98580150e-02 -8.57944489e-02
    -8.63858312e-03]
   [-8.97729993e-02  3.80258784e-02 -4.02838737e-03 -3.37334871e-02
     1.03184804e-02]
   [-7.85848349e-02  8.27110484e-02  4.35976610e-02  8.39173123e-02
     1.24694407e-02]
   [ 6.99992701e-02  8.28009322e-02 -6.97058216e-02 -1.16903186e-02
     6.06929436e-02]
   [ 2.57382840e-02 -5.34350686e-02  1.60573870e-02 -8.77971351e-02
     5.99417910e-02]]

  [[ 5.17554954e-02 -2.46364698e-02  3.78053710e-02 -3.98279130e-02
     5.05198166e-02]
   [ 6.02710024e-02  4.67084423e-02  4.13692668e-02  1.26520768e-02
     6.05970696e-02]
   [-7.90481195e-02  4.37921509e-02  2.31789798e-02  6.22300804e-03
     3.47773954e-02]
   [ 3.27570215e-02  5.97121194e-02  6.91424385e-02  4.86109480e-02
     7.69685432e-02]
   [ 4.43158373e-02 -1.57725960e-02  2.89780125e-02  8.46382752e-02
    -8.15647840e-02]]

  [[ 1.53772607e-02 -2.63192803e-02  5.52800670e-02 -8.08420032e-02
    -6.83780760e-02]
   [-1.08484924e-03  7.30657503e-02  8.13165084e-02  4.68797907e-02
    -4.64370064e-02]
   [-4.14875820e-02 -7.86124468e-02 -4.58174385e-02  5.21163717e-02
    -1.13669634e-02]
   [-4.55140732e-02 -2.95705907e-02  8.16962942e-02  5.12350351e-03
     4.65684757e-02]
   [ 3.62133011e-02 -2.47062221e-02 -4.72079292e-02 -5.99010400e-02
     3.25222015e-02]]

  [[ 6.72574863e-02  6.29533753e-02 -1.29230991e-02  1.53388157e-02
    -9.61596519e-03]
   [-6.60342723e-03  3.87972072e-02  7.42809996e-02  6.37604669e-02
     1.99453086e-02]
   [ 8.23027119e-02 -1.61293894e-02  5.18433228e-02 -8.50282162e-02
    -1.38001516e-02]
   [-4.37411703e-02 -8.88456330e-02  1.84933916e-02  1.17553845e-02
    -8.49146172e-02]
   [-7.39089400e-02 -1.56791136e-02  2.01731920e-04 -5.96697666e-02
    -4.37164754e-02]]

  [[-2.92421207e-02 -1.83446780e-02 -2.48604789e-02 -1.34608597e-02
    -6.79442286e-03]
   [ 6.56679943e-02 -6.33312836e-02  8.97154883e-02  8.85508284e-02
     2.84997225e-02]
   [-4.37307209e-02  4.06737253e-02  7.52491280e-02 -5.71697094e-02
     8.32542852e-02]
   [-4.87603396e-02  3.63609120e-02 -9.01759490e-02 -2.14138925e-02
     6.97741434e-02]
   [-8.74308869e-02  4.86940965e-02 -3.67660820e-03 -1.83112323e-02
     6.14883080e-02]]]]
<NDArray 16x6x5x5 @gpu(0)>, 
[[ 0.08139078  0.00732918 -0.04754299 ...  0.03539284  0.05979692
  -0.10568208]
 [ 0.00642525  0.03404864  0.09145213 ...  0.06741192 -0.05505901
   0.04639884]
 [-0.09976855  0.01818808 -0.002274   ... -0.06597009 -0.02897896
  -0.10594916]
 ...
 [-0.04223147  0.0468448   0.1047786  ... -0.08425359 -0.09482157
   0.10148019]
 [ 0.04560906 -0.00377932 -0.06850187 ... -0.10847055  0.06966148
   0.05397221]
 [ 0.02621741 -0.04275125 -0.06401367 ... -0.10337523 -0.01221971
  -0.07184488]]
<NDArray 120x256 @gpu(0)>, 
[[-0.04289977  0.0168103   0.13478234 ...  0.08957395 -0.02501177
  -0.11569244]
 [ 0.03287248  0.05608721 -0.1112919  ...  0.11732173 -0.08719109
   0.06437917]
 [-0.14733666 -0.1315693   0.09163    ... -0.10425025  0.01121628
   0.08946121]
 ...
 [-0.05612896  0.12667546  0.00651339 ... -0.09093115 -0.13840358
  -0.05435977]
 [ 0.10710123  0.01081041 -0.00899042 ... -0.13082603  0.03667328
   0.06482455]
 [ 0.03482047  0.01447098 -0.04485923 ...  0.13751525  0.12610263
   0.0529442 ]]
<NDArray 84x120 @gpu(0)>, 
[[ 0.10158183  0.11010538  0.0758944   0.04079045 -0.11600894 -0.01787333
  -0.0404482  -0.18323618 -0.14711711 -0.18318287 -0.19287343  0.19891264
  -0.13703395  0.028046   -0.21721162 -0.02246974 -0.16189955 -0.187833
  -0.15178542 -0.13751808 -0.09543688  0.0804971   0.16075243 -0.00069839
   0.06841432  0.0567715  -0.13798983 -0.076737    0.20960714 -0.08208466
   0.21720089  0.17325269 -0.18273294  0.02856646  0.11183809  0.09310849
   0.2005562   0.16720654 -0.03954323  0.04300465 -0.06634602  0.03834184
  -0.11603712  0.00399633  0.16911598 -0.0986853  -0.06763548  0.06886859
  -0.19232756  0.03469367 -0.00672735 -0.04801579  0.15191458 -0.06905597
   0.03423868 -0.14136937 -0.0347622  -0.14164364 -0.17518769 -0.0981238
   0.14257173 -0.07152861 -0.21582624  0.03558891  0.12884541  0.15571012
   0.11085616  0.05040579  0.08313482 -0.03534631  0.08957656 -0.1488749
  -0.18078229  0.1496946   0.05989443 -0.17555805  0.12588973  0.19431566
   0.12560336 -0.20400333  0.02596757 -0.03409617 -0.14083497  0.21744402]
 [-0.06743419 -0.0443625  -0.15718581 -0.20799777  0.20594637  0.12236215
  -0.18306455  0.08421318 -0.11488418  0.19211407 -0.10301289  0.09478976
   0.07692297 -0.15989995  0.11817269  0.11849998  0.15378235  0.15136878
  -0.12476484 -0.14053962  0.16937362  0.13265063  0.19557972 -0.19912949
  -0.11597294  0.07084711 -0.10319098  0.01612543 -0.20519258  0.1297657
   0.18395682  0.16792087 -0.07445548 -0.1732311  -0.01375067 -0.06568971
   0.09167485 -0.09938793  0.11158879 -0.06963547  0.1992025   0.12158136
   0.07220484  0.03527324 -0.12783372 -0.04043365  0.15797557 -0.11896373
  -0.06730518 -0.12988076 -0.02957921  0.06301661 -0.12002761 -0.16435972
   0.14293979  0.13634025 -0.19229712 -0.112426   -0.184504    0.16798387
  -0.1486308  -0.03257464  0.04144768  0.08952342  0.11636211 -0.10112365
   0.08315639  0.15014316 -0.10314052 -0.00276345  0.09291656 -0.04214689
  -0.13698265  0.0859675   0.19706117  0.01631911 -0.18712907  0.16343187
  -0.04704608  0.21337391 -0.01626065  0.09571098 -0.14964226  0.18680118]
 [-0.18355256 -0.0203965   0.20326279  0.13512473  0.10025661 -0.1945417
   0.01213536  0.18891658  0.14108266 -0.04650475 -0.15786427  0.12509404
  -0.09890036 -0.03239417  0.03455485 -0.18973249 -0.02096575 -0.20430128
  -0.01186784 -0.11535098 -0.09208246 -0.07510181 -0.21439905  0.13254921
  -0.11288879 -0.21097764  0.07680969  0.12266926 -0.10076738  0.09570934
   0.11260931  0.06979667  0.01767009 -0.07632472  0.11342196 -0.15195197
  -0.14560467 -0.15128002 -0.11149234 -0.16311859  0.14306442 -0.1417847
   0.16799624 -0.17878701 -0.0496207   0.20832188  0.13372178 -0.13040975
   0.11921836 -0.15353292 -0.07230239  0.15988807 -0.1277086   0.09057824
  -0.05731601  0.14708583 -0.1613132   0.18790291 -0.08911812 -0.14978485
   0.10830824  0.08960338 -0.12810823  0.16989844 -0.20338881 -0.10662293
  -0.21543355 -0.1332972  -0.14094537  0.05955897 -0.01691924 -0.14273164
   0.21139874  0.10033356  0.17655559 -0.10306529  0.09452106  0.09184028
   0.03831582 -0.04255134 -0.07343417 -0.19470645  0.18503647  0.00408556]
 [-0.02244039 -0.16574861  0.21116228  0.1465844   0.04093073  0.04628091
  -0.1704611   0.03531857  0.18575485  0.10052578 -0.0431271   0.1351933
   0.14182575  0.06726606  0.06111227 -0.01125604  0.07073386 -0.02680737
   0.1403865  -0.02226053  0.03295483 -0.13862859 -0.04894237 -0.03953187
  -0.15517786  0.02109799 -0.01875485 -0.17209628  0.0782835  -0.02482896
   0.18729828 -0.19209327 -0.14945483 -0.21071297  0.03033073  0.1084169
  -0.21245946 -0.04322349  0.19834758 -0.10740774  0.21399559 -0.06465083
  -0.06625417  0.03038247  0.13708673  0.19795461 -0.10433286 -0.07227205
  -0.0887183  -0.01029731 -0.12648445  0.19607203  0.05995481 -0.03317897
  -0.01973051  0.13626428  0.07060944  0.00272067  0.06234054  0.09875672
   0.06583034 -0.04571149  0.04546665 -0.1325357   0.02124372 -0.07499194
  -0.0847847   0.11861826 -0.00809708  0.20609386 -0.1271672   0.01043524
   0.12594025 -0.19699979 -0.11961323  0.14784558  0.0836121   0.16736604
   0.05807872 -0.1731619  -0.10224348  0.13628258  0.09459125 -0.16641845]
 [-0.16022691 -0.09450198 -0.04241298  0.07401513  0.02712864 -0.01639038
  -0.13824207  0.02120595 -0.18633454 -0.08836964 -0.18585332  0.19369586
  -0.08889668 -0.05304897  0.07192583 -0.04000533  0.04475929 -0.07825527
  -0.09254982  0.02948004 -0.06614929 -0.0410509  -0.1712539  -0.12864223
  -0.12790403  0.09530713  0.08705358 -0.08970545 -0.16581686  0.19075929
  -0.20985872 -0.09614819  0.07965933  0.07760803  0.0669546   0.15642451
   0.04742755 -0.01136659  0.12377156 -0.15903777 -0.08039001 -0.14296772
  -0.1433275   0.20339729 -0.13285796 -0.14864436  0.05031677  0.07628126
   0.01910745  0.04329447  0.16331543 -0.07739463  0.099804    0.16248776
  -0.05269489  0.18955858 -0.19406483 -0.04553421  0.08836766 -0.21111071
  -0.0503725   0.19470926 -0.01030403 -0.02164038 -0.11140867 -0.10830813
  -0.1478684   0.00842947 -0.15788803 -0.21515839 -0.16000968  0.12705936
  -0.2057856  -0.15281796 -0.21502562 -0.1197231   0.10448806  0.19480692
  -0.16627994  0.13323696  0.08339228  0.12839524  0.19175182  0.17304207]
 [ 0.1175072  -0.20401719 -0.0116062   0.0352274   0.11948256 -0.08843552
  -0.17622526 -0.11920725  0.10109381 -0.02379304  0.19686837 -0.00744098
  -0.18235852 -0.09544443  0.02365403  0.19325988 -0.21577395 -0.00559701
   0.01594904 -0.20286356 -0.05708425  0.0320272  -0.06559138  0.13173257
   0.10633324  0.18454225 -0.12877408 -0.08560474 -0.12670618 -0.1505974
  -0.11965731 -0.01387027  0.06596319 -0.08659258  0.04257728 -0.00906806
   0.01867899  0.09009255  0.10517152 -0.05585124  0.05660661  0.06292938
   0.21431608  0.00330846 -0.15801913 -0.10502702 -0.16769734  0.00165512
   0.07564615  0.09520833  0.06090991 -0.19190457  0.14375778 -0.04504402
   0.04162051  0.1049086   0.01753294 -0.11570033 -0.05629478 -0.15226206
   0.10148756 -0.20863585 -0.1684466   0.20168488  0.02618836  0.15551822
   0.08394583 -0.09725327  0.04166277 -0.16089213  0.11038689 -0.13775876
   0.08570115  0.05094953  0.0919468   0.20269032  0.15114103  0.05669285
  -0.14114669  0.14871459  0.15157233  0.01386181  0.1274872   0.18994524]
 [ 0.14379476 -0.14964654 -0.12541693 -0.10309426  0.20607848 -0.04350877
   0.02462108  0.17979632  0.10048802 -0.13875204  0.17191009  0.14690028
   0.16723315 -0.11926597 -0.03982076 -0.21011116  0.07556196 -0.01801889
  -0.11878551 -0.12335585 -0.11539847  0.01775415  0.10453521 -0.02729227
   0.04910584 -0.07973528 -0.20861973 -0.06542906  0.1591558  -0.04866992
  -0.14867726  0.09342937 -0.05461708  0.17043735 -0.10524621  0.21196939
  -0.1060542   0.19584681  0.07077388 -0.02121691 -0.1656759   0.21014528
  -0.11536746 -0.11417082 -0.12591457  0.17172034 -0.09694423  0.09217699
   0.09352459 -0.05507092 -0.1613891   0.02614342 -0.06593353  0.09579171
   0.01379058 -0.10045633  0.20316727 -0.05087854 -0.03107043  0.2079124
   0.13197191 -0.12137584 -0.00640851  0.01154618  0.21622007  0.02497192
   0.17877059  0.00055031  0.08331595 -0.09092328  0.10461752  0.11786224
  -0.02831568 -0.01159449 -0.0546736   0.02005541  0.11521824 -0.04990581
   0.1869172   0.1506298   0.15732475  0.15027924 -0.00614852  0.00557891]
 [-0.11518253 -0.12145742 -0.20389885  0.2053745  -0.17938218 -0.16860165
  -0.00508536 -0.12343428  0.17308147 -0.1757901   0.1432531  -0.21577294
   0.11565654 -0.11279245  0.05020608 -0.02042371  0.02731484 -0.16927853
   0.09268357  0.12602068  0.09055026  0.05381431  0.06209131 -0.05185162
  -0.20201595  0.12445791 -0.15345915  0.07707484  0.14206545 -0.09267475
   0.16342558  0.00502089 -0.03231169 -0.06869932  0.17528786  0.1843478
   0.15521695 -0.15169632 -0.09210664 -0.17611735 -0.139214    0.04280566
  -0.21138006  0.03242247 -0.21051428 -0.10989021 -0.06496894 -0.18210971
  -0.2123222   0.11535053 -0.0167311  -0.13403374 -0.03860307 -0.09444299
   0.03608532 -0.05108982 -0.16674644 -0.08191805 -0.1793541  -0.19722772
   0.14015643 -0.20218974  0.03380363 -0.21219379 -0.19375871  0.13035496
  -0.14605874 -0.09245166 -0.08720641 -0.17142874  0.21252106  0.17036621
   0.03198524  0.0951492   0.1978781  -0.20439543 -0.13524139  0.11695029
  -0.04908167  0.1892217  -0.19764234 -0.1184081   0.20371298 -0.02441218]
 [ 0.09690301 -0.04031636 -0.12945935  0.19338377  0.0325556  -0.10527908
  -0.08580387  0.07415651 -0.06620507 -0.18047825  0.02450758  0.18751805
   0.06615876 -0.10508866  0.15567543  0.18351649  0.10467114 -0.10800008
   0.13958885  0.09998412 -0.14207664  0.12566943 -0.2160235  -0.17107189
  -0.15800768 -0.05542101 -0.07275446 -0.21805803  0.16276859 -0.17703259
  -0.01510921  0.1073714  -0.19576254  0.08516733  0.00036128  0.05922426
   0.16872536 -0.21494567 -0.03653099 -0.15440157 -0.04395932 -0.21730955
   0.11503004  0.1492828   0.1360787  -0.21797773  0.0064715  -0.17012145
   0.10171349  0.13733692 -0.19084516  0.13043581  0.21722116 -0.20471878
   0.01452486 -0.0059891   0.05218939  0.10042085  0.04015191 -0.1986678
  -0.16529886 -0.07177137 -0.06029472  0.0632997  -0.08178121  0.0367776
   0.18251128  0.12629761 -0.16186196 -0.20740087  0.00191383 -0.12793353
  -0.09317096 -0.04313822 -0.03226599  0.10241504 -0.19591141 -0.1751836
   0.12053825 -0.1523704   0.04420231 -0.18211992  0.03285916 -0.08498095]
 [ 0.03971054 -0.16303836  0.00690135 -0.06563646  0.21424259 -0.00527719
  -0.0782624   0.20945369 -0.13251057 -0.06506923  0.15649827 -0.0639184
  -0.08020231  0.01671255 -0.11719234 -0.06828034  0.07413296 -0.10109949
  -0.13911709 -0.19113864 -0.10621084  0.07936673  0.15696566  0.17085312
   0.20428328  0.00217889  0.09893151 -0.15028566  0.05300631  0.10760374
   0.0868253  -0.11134788 -0.02385098 -0.14474681 -0.12704527 -0.11071162
   0.04076724  0.05140893  0.1477098  -0.1482033  -0.19936238 -0.16072245
  -0.1087846   0.1095107  -0.19723557  0.12528072  0.11290576  0.12595068
   0.11175232 -0.13379341 -0.1737095  -0.05903535  0.02171235 -0.09653921
   0.12164016 -0.17715102  0.15879132 -0.18323135 -0.15888923  0.03606685
  -0.08734883 -0.13350481 -0.15986918  0.12671606 -0.16175775 -0.0172423
   0.21260007  0.06399514  0.04565056  0.06283821 -0.05435714  0.0436395
  -0.1551083   0.09456216 -0.02206331  0.02529819  0.20623724  0.10607205
  -0.04737923 -0.18520834 -0.02270447 -0.11543386 -0.02922882 -0.05311435]]
<NDArray 10x84 @gpu(0)>]