[
[[[[ 0.03260073  0.06276046  0.12203933  0.17418177  0.07445063]
   [ 0.15499453  0.05448576  0.15534666  0.01908125  0.06876358]
   [ 0.08818771 -0.00548596  0.00812957 -0.03658698  0.14735156]
   [-0.11894251  0.15741462 -0.07252569 -0.03357354 -0.00121819]
   [ 0.10011499  0.0987083   0.00786872 -0.00575506  0.0243052 ]]]


 [[[-0.04495558  0.13812087  0.12971535 -0.10779269 -0.01177395]
   [-0.13284902  0.06130654 -0.1317718  -0.0040481   0.17514645]
   [ 0.16325133  0.11742669 -0.07266134  0.18915644  0.19796188]
   [ 0.16553903  0.02555205  0.15590398  0.16533574  0.06096999]
   [ 0.02126193  0.1330252   0.11310274 -0.07106884  0.12381074]]]


 [[[-0.01964778  0.15631974  0.06116666  0.13344781 -0.15680519]
   [-0.12325952 -0.06879921  0.15192552 -0.11274484 -0.07883467]
   [-0.13420738 -0.04056005 -0.10659278 -0.04000734 -0.05564582]
   [ 0.04884039 -0.04405781  0.12050261 -0.0028932   0.09472423]
   [-0.03551088 -0.07448661  0.03861286 -0.00755415 -0.1023306 ]]]


 [[[ 0.00832937  0.1422956  -0.07254022 -0.15204507  0.01396133]
   [ 0.09686076  0.17454648  0.00537717  0.0038128   0.03744078]
   [ 0.02798283 -0.05349164  0.19679606 -0.0546271   0.11427957]
   [ 0.14285557  0.13514012  0.2097225   0.12952101 -0.0492383 ]
   [-0.09354845  0.1125505   0.03560729  0.12450979  0.10735354]]]


 [[[-0.01218942 -0.10414146 -0.1604145   0.12758385  0.01835305]
   [ 0.1480695  -0.02689995 -0.00755666 -0.02263559 -0.04121067]
   [-0.04830623 -0.1120635  -0.08577769  0.0814365   0.06514698]
   [-0.11850277 -0.05225827  0.02536141 -0.03815242  0.07458563]
   [ 0.05260479  0.12949291  0.0460543   0.10077289 -0.08464925]]]


 [[[-0.00707611 -0.00034712  0.02281588 -0.1047458   0.05504543]
   [ 0.07492055 -0.08917739  0.10629586  0.00649349 -0.02370288]
   [-0.0448284   0.09978701 -0.11231796 -0.1446246   0.12896197]
   [-0.00124451 -0.06597063 -0.13922174 -0.06998061 -0.03866255]
   [-0.12332323 -0.12900457 -0.10193863 -0.12171137 -0.0183673 ]]]]
<NDArray 6x1x5x5 @gpu(0)>, 
[[[[ 0.02507063  0.01342998 -0.07302591 -0.00354887  0.07618678]
   [ 0.04429665 -0.00524552 -0.08500683 -0.03074292 -0.01459078]
   [-0.0452036  -0.06739074  0.03642198  0.03066693 -0.01847322]
   [-0.05465658  0.00760975 -0.07615225 -0.09704538 -0.04451582]
   [ 0.00760622 -0.07272332  0.00601812 -0.06547367  0.00399763]]

  [[-0.02340108  0.06587666  0.05122165  0.01537762 -0.01424204]
   [-0.02562318  0.01062398 -0.02679934  0.05466186  0.02211865]
   [-0.0824194  -0.0940841   0.07110958  0.00795146  0.00495522]
   [ 0.01294384 -0.07090411 -0.07342985 -0.04590608 -0.09003343]
   [ 0.04343023 -0.03477632  0.01358038 -0.03847087 -0.04510293]]

  [[ 0.01130843 -0.08218852 -0.01278556  0.0256313   0.08885066]
   [ 0.08348978 -0.07225161  0.02426343 -0.05168277  0.02445753]
   [-0.05996376  0.09036796  0.02247713  0.01211635  0.06947431]
   [ 0.06143071 -0.07249087  0.05926957 -0.08637566 -0.04182103]
   [-0.05962343 -0.08067203  0.06702235  0.02716632 -0.07501747]]

  [[ 0.01528971 -0.0295401   0.00944409  0.06719413 -0.02050653]
   [ 0.00978494 -0.05758383  0.01821974 -0.0562038  -0.04325012]
   [-0.07114954  0.02958196  0.03481614  0.03304595 -0.03437905]
   [-0.10039773 -0.09173843  0.02939783 -0.00821974  0.06470314]
   [ 0.02303092  0.04155231 -0.04307271 -0.05384931 -0.02530682]]

  [[ 0.04905757 -0.05420495 -0.07518014 -0.07744486 -0.00956297]
   [-0.00983414  0.0702621  -0.07305787 -0.03727919  0.06805587]
   [-0.04148582 -0.07484741 -0.0671915   0.00294835 -0.08885862]
   [-0.07535487  0.02979499  0.07428528 -0.05222527  0.07559466]
   [-0.04249075 -0.03737259 -0.00590488  0.01338501 -0.08021494]]

  [[ 0.01087373  0.01302268  0.0211366   0.01893879  0.01148304]
   [-0.05163009 -0.05162476 -0.07105145  0.04866251 -0.05108718]
   [ 0.01363846 -0.02892582 -0.06058349 -0.00446184 -0.02434415]
   [-0.0546635  -0.00706988  0.02385728  0.02836476 -0.0026147 ]
   [ 0.05190625 -0.00014933  0.02800164 -0.02149117  0.01965136]]]


 [[[ 0.05346217  0.09027808  0.0186564  -0.05933277 -0.05023072]
   [-0.0662579   0.03926162  0.07239013  0.09339643  0.00974036]
   [ 0.00855927 -0.03748985  0.08282845  0.09785698 -0.02690905]
   [-0.01067847  0.03431345 -0.03680679 -0.01589925  0.04726391]
   [ 0.02021816 -0.00300631  0.05017407 -0.01393504  0.00173032]]

  [[-0.04253004  0.08766175  0.06799654  0.02642045  0.07326849]
   [-0.06070947  0.10502931 -0.0069354   0.06753828  0.06607995]
   [ 0.03688892  0.01296615 -0.04240862 -0.0956922   0.03682829]
   [-0.00731172  0.01403425  0.01001359 -0.08681301  0.04084518]
   [ 0.08519055 -0.023276   -0.08012262 -0.00856861  0.0082495 ]]

  [[ 0.0702225  -0.01089179  0.06990375 -0.08386505 -0.06551601]
   [-0.08273633 -0.05407721 -0.04542872 -0.07919469 -0.07081196]
   [-0.01266543  0.02851204 -0.08604183 -0.064127   -0.00701358]
   [-0.00820316  0.02451139 -0.05058544 -0.04019498 -0.02547902]
   [ 0.03444512 -0.00238793  0.0155895   0.07206894 -0.08723108]]

  [[ 0.04942891  0.01553664  0.09098577 -0.03034256 -0.00346246]
   [ 0.00256964  0.02408367 -0.03110032 -0.0335445   0.03993583]
   [ 0.04873028  0.01097284 -0.04231497 -0.07146011 -0.00708752]
   [ 0.04405181  0.06696625  0.0576352   0.04881091 -0.03398159]
   [-0.02566669 -0.03759643  0.0656293  -0.03077527  0.03635868]]

  [[ 0.08075889 -0.08504464  0.09211904 -0.06133092  0.03066335]
   [-0.02954455  0.08878747  0.07771433  0.00904255 -0.0612356 ]
   [ 0.09012171  0.06571216  0.04035638  0.02006278  0.03429444]
   [ 0.0188607  -0.05035044 -0.06298851  0.0874541  -0.04816339]
   [-0.08731406  0.03606404 -0.0454591   0.07128358 -0.00947014]]

  [[ 0.02279437  0.05095132 -0.08868734 -0.05384205  0.01372521]
   [ 0.06339513 -0.02557578  0.08742454  0.01973752 -0.05957644]
   [-0.02127207  0.01671833  0.05596961 -0.08675434  0.02156553]
   [-0.02059572 -0.04169759 -0.08269585  0.02747774  0.08384488]
   [ 0.05762227 -0.01118407 -0.08595928  0.08191489 -0.08137342]]]


 [[[ 0.04171062  0.06906769  0.05681657 -0.00528183 -0.04451407]
   [-0.01649175 -0.08535155 -0.08520543  0.02859246 -0.04353855]
   [-0.06714737  0.06107045  0.04038567  0.07340819 -0.00403524]
   [ 0.07017805  0.00179118  0.06655848  0.08882923  0.06929629]
   [-0.05450599 -0.08698715  0.06601434  0.0691997  -0.04896152]]

  [[-0.0353157   0.06486678  0.08428526  0.01076253 -0.05305537]
   [ 0.00906667 -0.02183252  0.05233943 -0.01114235  0.02194093]
   [-0.01113588 -0.04448923  0.08687165 -0.04185843  0.06781156]
   [-0.08409347  0.01756356  0.04433488  0.0645761  -0.00879652]
   [-0.04961381 -0.06401037  0.05061338  0.07627781 -0.0677182 ]]

  [[-0.0424919  -0.05633584 -0.01463657 -0.06617    -0.03476547]
   [ 0.06895486  0.01979496  0.00427887  0.01954754 -0.0011897 ]
   [ 0.02033749  0.03582137 -0.0422731  -0.08121551 -0.04105816]
   [-0.07223801 -0.05084112  0.05981793 -0.0235768   0.06060627]
   [-0.06288448  0.06788994 -0.06075967  0.08810265  0.0819518 ]]

  [[ 0.00147498  0.06505935 -0.07422307 -0.04317905  0.10386427]
   [-0.09565035 -0.02001702 -0.04949664  0.05162476  0.08254815]
   [ 0.07774418 -0.04840377 -0.05633452  0.07720771 -0.07272171]
   [-0.08828524 -0.03614509 -0.07578842  0.09723971  0.01777567]
   [-0.0759486   0.00135524  0.01555153 -0.00780568  0.01154738]]

  [[-0.03248155 -0.00356564  0.02453398  0.06122226 -0.01117874]
   [ 0.04405192  0.04265866 -0.01948959  0.0014881  -0.04615775]
   [ 0.01087721 -0.06240595  0.02753294  0.04041693  0.0903273 ]
   [ 0.07044478  0.0584725   0.00107073 -0.01503903  0.03102842]
   [ 0.06496875  0.05485647  0.06506285 -0.01002653 -0.08070135]]

  [[ 0.02905526  0.040052   -0.06261066  0.05398284 -0.02566715]
   [ 0.04108794  0.02224076  0.03771012 -0.01179912  0.00778735]
   [ 0.01121085 -0.06576884 -0.07444105  0.08212924 -0.04962312]
   [-0.01933403 -0.0489522  -0.05104245  0.05871086  0.03924577]
   [-0.00952017  0.08935456  0.00863514 -0.07785072 -0.04924214]]]


 ...


 [[[-0.07591307 -0.05171845 -0.05642287 -0.03581513  0.0889967 ]
   [-0.00176976 -0.05142899 -0.08076387 -0.04199056  0.0605724 ]
   [ 0.02137681  0.08857086  0.047321   -0.08528548  0.02202541]
   [-0.05803242 -0.07772636 -0.03049925  0.06538251 -0.00636465]
   [-0.04007816  0.07387769 -0.0067246   0.05993181 -0.03588226]]

  [[ 0.08403461 -0.09115373  0.04666335 -0.0024676  -0.0324367 ]
   [ 0.05912223 -0.01686103 -0.01313171  0.0258492  -0.05236645]
   [-0.08100602  0.0903293  -0.03748177  0.04152342  0.00625542]
   [ 0.08611548  0.01460767 -0.0860686  -0.05568149 -0.08670139]
   [-0.05276511  0.05283663  0.04953986 -0.10334732  0.06626142]]

  [[-0.07674133  0.05982744  0.00709453 -0.07064501 -0.07513736]
   [ 0.06156762 -0.01995592  0.0147051   0.03238076 -0.0470949 ]
   [-0.01246838 -0.0647748  -0.08079164  0.04235881 -0.05390782]
   [ 0.08924948 -0.00952972 -0.06354675 -0.07511499 -0.04530141]
   [-0.03533993  0.00473027  0.08162896 -0.00570034 -0.03578827]]

  [[-0.08647212 -0.04408374  0.02354537 -0.01837573 -0.00937651]
   [ 0.05868929 -0.04035615  0.00675043  0.05164363 -0.05230343]
   [-0.01887847 -0.03140198 -0.09361691  0.07934248  0.06928194]
   [-0.06054164  0.04767614 -0.07749446 -0.00355391  0.02458193]
   [-0.02667482 -0.03998923 -0.02557049  0.04631969 -0.08725744]]

  [[-0.02599715 -0.01560024  0.01200488 -0.02788678  0.0817771 ]
   [ 0.04548222  0.04413025  0.04493778  0.05563935 -0.02556475]
   [-0.07153737 -0.00556467  0.07615961 -0.04458359  0.01894396]
   [ 0.05010903  0.01704653  0.05418297 -0.07461785 -0.0839104 ]
   [-0.02762292 -0.03519912  0.02928337  0.07149396 -0.01115579]]

  [[ 0.06300194  0.00896484  0.03747727  0.0359368   0.04696991]
   [ 0.01620395 -0.06398458 -0.0812049   0.00365596  0.01099507]
   [-0.02389514  0.04936112  0.09119303  0.07513907 -0.01356124]
   [-0.07386767  0.08659104  0.07490489 -0.00683406 -0.00672849]
   [-0.02310419 -0.00818245 -0.08932661  0.08962839 -0.05778147]]]


 [[[-0.07689964  0.04733992  0.02960531 -0.06964393 -0.06650569]
   [ 0.0197829   0.04419755  0.03767807 -0.08445093  0.07288475]
   [-0.01488006 -0.01629185 -0.04688747  0.03450299 -0.01653694]
   [ 0.01907085 -0.01885473  0.07638377 -0.0468878  -0.07395437]
   [ 0.05457043  0.04837842 -0.05151346  0.02665348 -0.07431518]]

  [[ 0.03709604  0.06636189  0.05900172  0.02989027 -0.09101628]
   [-0.03226443  0.0479093   0.07658837 -0.0581326  -0.03380594]
   [ 0.07126458 -0.08168598 -0.00601442 -0.02645911 -0.06763107]
   [-0.06829343  0.04126744  0.09823102  0.10148378  0.08695546]
   [-0.08532676 -0.00303386 -0.05081057 -0.00991663 -0.00363721]]

  [[-0.0103199   0.05592385  0.03784846  0.05212538 -0.04775909]
   [-0.05611392  0.01810014 -0.04412631 -0.06242678 -0.01740997]
   [-0.05589259  0.00722539 -0.07687406 -0.06535284  0.0802204 ]
   [-0.06988944 -0.07823734  0.07479407  0.01694283  0.02588138]
   [ 0.03758184 -0.0341842   0.08203799  0.02590419  0.0558673 ]]

  [[ 0.05930327 -0.09436934 -0.05865021  0.04758721 -0.01824081]
   [-0.0937676  -0.02216746  0.01717083 -0.01677453 -0.09900309]
   [-0.08505727  0.08058006  0.0495762  -0.00896425 -0.02836487]
   [-0.0507834  -0.01488042 -0.03875922  0.08114439 -0.00170976]
   [ 0.03452072 -0.0904303   0.05319287  0.04116154  0.08130763]]

  [[ 0.06029576  0.06122162  0.01933054 -0.02208647  0.05193206]
   [-0.02497453  0.05822483  0.07819889 -0.04381521  0.05162315]
   [ 0.058328   -0.01352878 -0.04174212 -0.01980265 -0.06381873]
   [-0.01513129  0.03730418 -0.03646738 -0.00680348  0.06440824]
   [ 0.00974503 -0.03211513 -0.02272931 -0.01934961  0.07654285]]

  [[-0.01403531 -0.0751467   0.08941144  0.07512018  0.03648882]
   [-0.06282045 -0.08820518 -0.01069407  0.00734345 -0.05073275]
   [-0.05291749 -0.05891118  0.06427938  0.00230654  0.06730858]
   [-0.00728852 -0.0088528  -0.03526122  0.03116506 -0.04875071]
   [-0.04569436 -0.04003147 -0.08468504  0.05816536  0.03608504]]]


 [[[-0.07053302 -0.00051721  0.01819726  0.01988816 -0.04504808]
   [-0.04226841  0.03344262  0.06927425  0.03665057  0.08687727]
   [ 0.05844036  0.05285562 -0.08311722 -0.05678122  0.0714915 ]
   [ 0.0881652  -0.05631695  0.06508964 -0.03802859  0.03914952]
   [ 0.07925963 -0.03443518 -0.06673163  0.08979347  0.08878481]]

  [[-0.08546928  0.05140666 -0.02125857 -0.0450386   0.0336436 ]
   [-0.05519178  0.01186435  0.00287287  0.05882276 -0.01772915]
   [ 0.04544024 -0.08565053  0.01775343 -0.02693413 -0.00390655]
   [-0.10474791  0.03001536  0.02894435 -0.03986051  0.06193026]
   [ 0.0732627  -0.01070115 -0.03857761 -0.09525111 -0.02998957]]

  [[ 0.05632546 -0.05379255  0.00268942  0.01625464  0.04227065]
   [-0.07533736  0.01361756  0.04087354  0.0844489   0.05742827]
   [-0.06463723  0.06220745  0.05502144 -0.07051557 -0.02619486]
   [ 0.07783446 -0.05873998 -0.00302167 -0.04403816 -0.01842847]
   [ 0.02293929  0.05081901 -0.08483806  0.07294502  0.08232731]]

  [[ 0.04589223  0.07177495 -0.07374335  0.01387857  0.01391949]
   [-0.04969803  0.04507852 -0.04976942 -0.00311424 -0.0843102 ]
   [ 0.04979901 -0.06025208  0.02175851 -0.01563694  0.02234977]
   [-0.02477686 -0.01850858 -0.06354027  0.04942032 -0.01021397]
   [-0.0787714  -0.06949609 -0.00173369  0.00966906 -0.06031434]]

  [[-0.00938858  0.01700951  0.01652522  0.03324471 -0.03571081]
   [-0.01741659 -0.05176336 -0.08822224 -0.05496003 -0.03694684]
   [-0.0629033  -0.03550984 -0.0883434  -0.03264949  0.02203325]
   [-0.01421149  0.00335216  0.05627906  0.07669053 -0.06821481]
   [-0.0098694   0.00364395 -0.05785193  0.04372521  0.01208977]]

  [[-0.03432684  0.022082    0.06436101  0.03393161 -0.07798639]
   [-0.07249996  0.02290354  0.04431771  0.02377626 -0.0397836 ]
   [-0.06643277  0.04722026 -0.03409893  0.05261071  0.01275195]
   [ 0.0230211   0.01389376 -0.01007011 -0.08897741  0.08396239]
   [ 0.01758839  0.07055753  0.03671568 -0.05431232 -0.01699973]]]]
<NDArray 16x6x5x5 @gpu(0)>, 
[[-0.05320885 -0.0175491  -0.0096627  ...  0.01225756  0.01853319
   0.0737294 ]
 [ 0.00493286 -0.05506105 -0.08795064 ... -0.07711767 -0.04235338
   0.03151046]
 [-0.02602551  0.01599421  0.05866193 ...  0.04794225 -0.03166474
  -0.02770001]
 ...
 [-0.08672799 -0.10893098  0.00840845 ... -0.07557715 -0.01166241
  -0.09944052]
 [ 0.03073657  0.04204975  0.06765463 ... -0.10929736 -0.04873344
   0.04150028]
 [ 0.04114148  0.09181798 -0.03346574 ... -0.03006874 -0.09371896
   0.02842966]]
<NDArray 120x256 @gpu(0)>, 
[[ 0.13117844 -0.06521159 -0.04951997 ...  0.00215193  0.07533357
  -0.08657998]
 [ 0.12371054 -0.1350941   0.06306962 ...  0.00773887 -0.06998008
  -0.0223088 ]
 [ 0.13289332  0.10129704  0.10760304 ...  0.14806284 -0.045577
  -0.04360828]
 ...
 [ 0.15980406 -0.0531522  -0.0666751  ... -0.04801162 -0.06683988
   0.02949861]
 [ 0.1226588  -0.018882    0.12433423 ...  0.08047742 -0.10033315
  -0.00120461]
 [-0.13926123  0.10324486  0.02448001 ... -0.03537974  0.08269908
   0.02193756]]
<NDArray 84x120 @gpu(0)>, 
[[ 2.12723259e-02  1.42478151e-02  2.41127551e-01 -1.24452628e-01
   5.98531924e-02 -4.59023267e-02 -2.87645515e-02  5.18743843e-02
   4.16798368e-02  7.80313648e-03 -2.10919529e-01  1.12363324e-02
  -7.35644251e-02  1.10061251e-01  7.12960958e-02 -9.45342332e-02
  -9.16566253e-02 -5.08828908e-02  7.07874671e-02  1.59397244e-01
  -2.39923801e-02  1.85017511e-01 -1.62828803e-01 -1.53978854e-01
  -8.81112218e-02 -1.84995934e-01  8.15053880e-02 -6.56410232e-02
   5.15190810e-02  3.48986983e-02  3.24520022e-02 -1.65153638e-01
   8.68356302e-02  2.04753950e-01  8.27669799e-02 -7.81432167e-02
  -2.99441814e-02 -1.21702693e-01  1.73140749e-01 -1.63026661e-01
  -3.51419412e-02 -1.75844967e-01 -2.81011574e-02  2.11343214e-01
   1.97795033e-01 -1.08726174e-01  1.69286475e-01  1.61768179e-02
   8.87797326e-02 -1.79259386e-02 -1.75916001e-01 -1.74915463e-01
   1.83155105e-01 -4.69278209e-02  9.35423523e-02 -1.34264827e-02
   2.17807308e-01  1.49897888e-01 -1.33284867e-01  1.78645462e-01
  -2.07360595e-01 -1.71079546e-01 -2.13609725e-01  9.37316939e-03
  -8.92308280e-02 -1.75749674e-01  1.57195941e-01 -9.22503322e-02
   1.57148689e-02 -1.17120013e-01  3.90380621e-02  2.04104513e-01
   1.68825150e-01 -1.02257781e-01 -1.64094001e-01 -9.38925594e-02
  -7.55404606e-02 -1.58837199e-01  5.04583530e-02  2.94794776e-02
   2.05035582e-01 -3.08654122e-02  4.63739187e-02 -5.89125678e-02]
 [-2.14534253e-01  1.36421263e-01  1.35247961e-01 -9.62951183e-02
  -1.20759800e-01  9.49178487e-02  1.32330075e-01  4.93155867e-02
  -4.67501208e-02 -3.11544873e-02  1.57736912e-01  1.06429629e-01
   1.06761478e-01 -3.03708557e-02  1.56637952e-02 -2.71291099e-02
  -1.58731446e-01 -6.02954775e-02 -1.98996410e-01 -1.54425085e-01
  -1.66467503e-01  1.93727732e-01 -2.09309980e-01  1.86494872e-01
  -1.71007976e-01  1.30982906e-01 -1.24386907e-01  4.86180224e-02
   9.05336514e-02 -2.06937775e-01  2.60737240e-02  7.33202919e-02
  -2.27343217e-01 -1.61654875e-01 -2.02241123e-01 -8.97971317e-02
   8.71150047e-02 -9.71748158e-02 -1.10984303e-01  1.91462487e-01
  -1.47668943e-01 -1.58307552e-02 -1.70769021e-01  1.53816923e-01
  -1.00499757e-01 -1.15074821e-01 -2.23497540e-01 -2.18257859e-01
   5.62523641e-02 -1.78564563e-01 -8.46785009e-02 -1.41923398e-01
  -1.36537403e-01  4.55042999e-03 -1.76705927e-01  1.65911928e-01
  -9.44168568e-02  1.20650411e-01 -1.33577138e-01  1.21826623e-02
  -9.28892568e-02 -9.87761393e-02  1.12386979e-03 -2.07278267e-01
   1.50253046e-02  1.72794238e-01  1.50683776e-01 -9.80486497e-02
   2.11035728e-01 -1.54908776e-01 -2.01569572e-01  2.27495842e-03
  -1.24879010e-01 -6.52363300e-02  6.25728518e-02 -1.49502635e-01
  -1.53062493e-01 -1.26538515e-01  1.75987393e-01  1.45865917e-01
  -1.23388164e-01  9.76742283e-02  1.07179455e-01 -1.95761457e-01]
 [ 7.62711316e-02  5.36207035e-02  1.40620217e-01 -8.36165994e-02
  -2.13369831e-01  1.36567309e-01 -1.20537721e-01  2.00289935e-02
   9.27460492e-02 -2.19282478e-01 -1.81106985e-01 -2.09541351e-01
   7.01858774e-02 -8.26100558e-02 -6.38880208e-02  1.64063469e-01
   2.30730772e-02  1.98150277e-02 -1.48018852e-01  1.53105229e-01
  -1.35355890e-01 -1.09731406e-01  9.73422527e-02 -1.36088848e-01
   1.24364637e-01  1.99695721e-01  2.28824258e-01  1.09070227e-01
   1.55437350e-01 -1.25666216e-01  1.90342069e-02 -1.81564949e-02
  -1.81826547e-01  1.09985203e-03  3.54997814e-04 -1.43064886e-01
   1.86846212e-01 -8.80198926e-02  1.25580296e-01 -1.02845542e-01
   8.70023388e-03  1.68928012e-01 -2.03099828e-02  1.42133236e-03
  -1.28914207e-01  3.81071791e-02 -1.43008292e-01 -6.88042715e-02
  -1.86411336e-01  4.69207242e-02  1.70283958e-01 -1.65722519e-01
   6.12041205e-02 -1.85086891e-01 -1.55728757e-01  2.18300000e-01
  -3.74940187e-02 -9.22555402e-02 -1.92992195e-01 -1.05343431e-01
  -1.27408892e-01 -9.76811573e-02  1.17614299e-01 -1.08959742e-01
   6.65600300e-02  1.73046902e-01 -9.17851925e-03  1.46375731e-01
  -1.00972787e-01 -1.54425919e-01  7.05276057e-02  2.16213971e-01
  -1.22778900e-02 -8.57448876e-02 -4.68140393e-02  1.79313198e-01
   5.79538383e-02  2.75649093e-02 -2.02132687e-02 -5.46829328e-02
  -1.04386516e-01 -1.52960449e-01 -3.44256349e-02 -1.67739943e-01]
 [-4.23153341e-02 -1.87031627e-01  1.57952845e-01 -1.37506068e-01
   2.01389685e-01 -2.17032909e-01  5.09611815e-02  1.64515838e-01
  -1.82938874e-01  1.82494909e-01  1.00638390e-01 -6.58532884e-03
   7.22796470e-02  1.01488180e-01  1.30953893e-01 -6.58284733e-03
  -6.66060299e-02 -2.16598779e-01 -2.09900096e-01 -4.08290103e-02
   4.80833501e-02 -1.56491250e-01 -1.72220707e-01 -1.09829530e-01
   1.13271952e-01  1.01158403e-01  1.08490616e-01  1.07263498e-01
  -4.59679812e-02  1.82460636e-01  1.93771526e-01  1.72141016e-01
  -1.60582602e-01 -1.78958327e-01  1.76414713e-01 -1.32963017e-01
  -1.50679499e-02  2.68384516e-02  1.14828661e-01 -2.27027267e-01
   9.49322730e-02 -1.17932811e-01  2.09197909e-01 -2.02216178e-01
   2.00776532e-01 -1.84051827e-01 -2.22658098e-01  7.08631203e-02
   1.30911633e-01  3.97975696e-03 -2.03822896e-01 -6.15651906e-03
   3.17068547e-02 -2.09798858e-01 -3.86918038e-02 -1.10756509e-01
   2.11821154e-01  1.03088677e-01  1.14294745e-01  5.46702966e-02
  -1.95329502e-01  1.07799381e-01 -1.38879284e-01  2.12281257e-01
  -3.58223505e-02  1.94793064e-02  8.86088759e-02  2.78383493e-03
  -7.83347636e-02 -1.23440355e-01 -6.47646859e-02  3.31292823e-02
   1.68744266e-01  1.17354579e-01  1.98064819e-01  1.41231149e-01
  -4.25646603e-02 -1.27668232e-01  1.70995086e-01  1.54237434e-01
  -7.41150826e-02 -1.65489390e-01 -1.90959826e-01  1.12328671e-01]
 [ 5.40275779e-03  1.89307794e-01  6.38763085e-02  1.02001950e-01
   1.75899446e-01 -1.62400752e-01  2.05361977e-01 -1.64904058e-01
   1.21125549e-01  4.76417579e-02  1.12719610e-01  2.12858260e-01
   8.55506584e-02  1.72441974e-01  9.32870060e-02 -1.01566769e-01
   1.16722599e-01  4.22348231e-02  2.16794431e-01 -8.20752159e-02
  -5.56916967e-02 -3.19546610e-02 -1.72056139e-01  7.00338259e-02
   1.58467248e-01 -2.28289329e-02  9.31475125e-03  7.43898079e-02
   1.47709232e-02 -8.08152333e-02 -5.77105880e-02 -2.16562703e-01
   1.48334578e-01  8.81895497e-02 -8.73112679e-02  1.29580662e-01
  -1.63445592e-01 -1.64718926e-01  2.74115801e-02  1.58467352e-01
  -1.02834880e-01  1.77735731e-01  1.19561762e-01 -1.31893605e-01
  -1.49660513e-01 -1.85158029e-01  1.28539160e-01  1.60571158e-01
   4.71743196e-02  1.36427581e-01 -2.06173375e-01 -8.48958567e-02
   2.67540365e-02 -2.09905386e-01  7.34125525e-02  1.13320157e-01
   1.91411600e-01  6.12222068e-02  1.32775620e-01  2.77531613e-02
   1.08773746e-01  1.78663000e-01 -1.46472349e-03  7.65830204e-02
  -1.98666632e-01 -9.24918875e-02  1.38351128e-01 -2.18329281e-02
  -2.14559942e-01  2.14940831e-01  1.92593224e-02 -1.07894406e-01
   3.37608270e-02  1.73868805e-01 -1.69008166e-01 -7.50350803e-02
  -2.00922206e-01 -9.62613896e-02  1.93111114e-02  8.87259543e-02
  -6.33744895e-03 -6.72421083e-02 -8.94120932e-02 -1.99043602e-01]
 [ 1.38394579e-01 -4.42244560e-02  9.86861810e-02  1.47621214e-01
  -1.60798579e-01  1.25192717e-01  7.18908831e-02  6.14680201e-02
  -1.86906740e-01 -5.05802105e-04 -6.32857308e-02 -5.31922420e-03
   1.40840203e-01 -6.12499705e-03 -3.16805243e-02  1.98104531e-01
   4.35985774e-02  1.03828266e-01  1.03666753e-01 -1.91851452e-01
   1.39146432e-01  1.18160501e-01  1.14960819e-01  5.23586571e-03
  -2.15230018e-01 -1.42115504e-01 -2.29552407e-02 -4.98297773e-02
  -1.76877547e-02  1.95605636e-01 -1.94078445e-01 -1.14769697e-01
   2.13658884e-02  1.36835158e-01  5.05885333e-02 -4.20794971e-02
   1.43409714e-01  3.78642231e-02  1.92903414e-01 -1.35615170e-01
  -1.63127750e-01  1.36366710e-01 -1.18425906e-01  3.52997035e-02
   7.04831704e-02 -2.67971326e-02 -1.56439349e-01  1.30147442e-01
  -1.20694779e-01  2.07597520e-02  3.96607630e-02 -3.56969722e-02
  -1.44293040e-01 -2.06395879e-01  1.23227730e-01  8.02395493e-02
   1.55863211e-01 -2.72995653e-03 -1.98103577e-01 -1.19534209e-01
  -1.58359021e-01  1.85643733e-01  6.94583207e-02 -3.67553309e-02
  -2.10048422e-01 -1.64795250e-01  1.26001641e-01 -1.74766570e-01
  -4.49479208e-04  1.83249667e-01  2.15245590e-01 -8.82815644e-02
   2.14676037e-01  1.93089783e-01 -1.19163327e-01 -7.14054108e-02
   1.60029247e-01 -4.79435772e-02  1.36903569e-01  1.79619044e-01
  -1.15209401e-01  7.50848353e-02  7.63275027e-02  1.20076679e-01]
 [ 2.19604358e-01  8.54807496e-02  1.05849892e-01  1.96926594e-01
  -1.81249589e-01 -4.97014374e-02 -1.41265558e-03 -1.47240371e-01
  -1.48737896e-02 -1.08569331e-01 -2.19100714e-01 -1.54513568e-01
   2.15522975e-01  1.00538105e-01  1.64435849e-01  1.76100004e-02
  -1.23471677e-01 -2.59026289e-02  4.84650880e-02  1.36452362e-01
  -1.37708373e-02  2.69010793e-02 -6.81133345e-02  7.31905177e-02
   1.27460491e-02 -4.68519740e-02  3.70526649e-02  5.74928857e-02
   1.51663408e-01 -1.68385133e-01 -1.90885082e-01 -2.67818272e-02
   4.83114645e-02 -2.09266203e-03  2.85827788e-04 -3.59100997e-02
   4.71323729e-05  1.46922097e-01 -1.81833863e-01 -6.39631674e-02
   1.38945594e-01  4.03266996e-02  1.11988567e-01 -2.15129614e-01
  -1.09965436e-01  1.36732265e-01 -1.74433857e-01  1.91837206e-01
   1.81856871e-01 -1.49844989e-01 -1.02694798e-03  2.09715977e-01
  -1.60004437e-01  1.84225097e-01 -1.69171989e-01 -1.88208207e-01
   1.49167851e-01  1.15112484e-01  3.06666568e-02 -2.07096357e-02
  -1.04918607e-01  1.13827400e-01  3.65084745e-02  9.81056839e-02
  -8.14511925e-02  1.30392551e-01  1.27328947e-01 -5.93831986e-02
  -6.90203439e-03  1.84224978e-01  1.99424848e-01  1.93680488e-02
   9.28920507e-03 -2.05235004e-01  1.75967857e-01  1.65956646e-01
  -1.12135440e-01  2.38053277e-02  7.23366998e-03 -2.12085888e-01
   2.50869989e-03  3.58390920e-02  1.40318185e-01  1.52567968e-01]
 [-1.97677836e-01 -1.85237408e-01  1.40425280e-01  1.15209252e-01
   1.46892786e-01  1.12291589e-01 -4.17940319e-02  1.36213288e-01
  -2.08410710e-01  1.03532724e-01  1.19689591e-01 -2.04097748e-01
   2.08102122e-01 -1.79163083e-01 -1.70646608e-02 -7.25491047e-02
  -7.93460011e-02  1.46517411e-01  1.15966611e-02 -1.35808615e-02
   3.42679396e-02 -1.82302415e-01  1.62182361e-01  1.52370378e-01
  -1.88617662e-01 -6.80848286e-02 -2.42861435e-02  5.14216498e-02
   1.26034230e-01 -1.71344206e-01  9.54466909e-02  1.90725643e-02
   4.24700454e-02  9.64014307e-02 -2.05920920e-01  1.59712732e-01
  -6.52066171e-02 -1.54257864e-01  2.75904089e-02 -1.67440057e-01
  -9.14199576e-02 -4.12403047e-03  1.03196185e-02 -2.05570310e-01
   8.75177011e-02  4.31803092e-02 -1.45926058e-01 -1.28435388e-01
  -1.95766777e-01 -1.29780516e-01 -6.46287128e-02  1.50174275e-01
  -1.71127766e-01 -2.03782052e-01 -1.40197933e-01 -3.35901976e-04
   1.68460414e-01 -1.17648572e-01 -7.02477694e-02 -7.55582303e-02
  -1.22066624e-01 -2.15738639e-01  1.02688164e-01 -8.98270160e-02
  -1.74652129e-01  2.32889205e-01  1.06799021e-01 -1.14249550e-01
  -6.94130873e-03  1.01905897e-01  4.76271212e-02  2.01710388e-01
  -7.66444355e-02 -1.63518161e-01  2.98167467e-02 -1.31135240e-01
   6.80594891e-02  1.68762803e-01  4.19627093e-02  9.22054350e-02
  -7.93833733e-02 -1.06244080e-01 -1.31320372e-01  9.70729515e-02]
 [ 1.39367491e-01  1.80194244e-01 -1.22890189e-01  1.57249644e-01
  -4.15917784e-02  1.34388968e-01 -1.80536360e-01 -1.47045702e-01
  -9.36248302e-02 -7.56462812e-02 -1.82004005e-01 -1.64897844e-01
  -8.10377672e-02 -1.75395757e-01  8.07695091e-02 -1.91064566e-01
   2.06944719e-01 -2.92815864e-02  3.00724562e-02 -4.69867922e-02
  -1.02068171e-01 -1.02326557e-01  5.84286824e-02  1.46646827e-01
   5.54080606e-02  9.68572870e-02  9.64640751e-02 -9.43903849e-02
   1.90619100e-03  7.42957816e-02  1.79504529e-01  7.87443072e-02
  -5.85914329e-02 -1.78967640e-02 -1.23145498e-01  6.38033599e-02
   8.29918683e-03  1.70416281e-01  1.84450850e-01 -1.54346213e-01
   7.94929340e-02  1.93168297e-01 -3.48828756e-03  1.49237469e-01
  -1.93865262e-02 -1.54297590e-01  2.78648287e-02  2.48589888e-02
   1.74428567e-01  8.14666077e-02  1.75492108e-01 -1.97620109e-01
  -2.15730578e-01 -9.27547067e-02  6.24046177e-02  1.81132391e-01
  -5.01167327e-02  1.57572180e-01  2.06550080e-02  1.01966141e-02
   4.78333421e-02 -1.15646489e-01  2.77358219e-02 -1.61294147e-01
  -9.56880897e-02 -5.04409522e-03 -1.87802389e-01  1.63170949e-01
   1.27539650e-01  6.47195131e-02  1.73841342e-01 -3.03442348e-02
  -1.52809978e-01 -4.77108471e-02 -1.26354918e-01  1.17030986e-01
  -6.26328364e-02 -1.34772390e-01 -5.77797741e-02 -9.70871598e-02
   1.68176845e-01 -2.19303221e-01 -1.54957771e-01  7.42394775e-02]
 [-4.54394706e-02 -1.54611409e-01  6.69150576e-02 -1.77932069e-01
   3.66682224e-02  7.47199804e-02 -6.99538812e-02  1.04074374e-01
   1.28444299e-01  5.11960462e-02 -1.54560968e-01 -1.96929410e-01
  -1.39758602e-01 -9.48689058e-02 -2.11588703e-02  1.15631156e-01
   1.25242457e-01 -3.71457636e-02 -8.16896632e-02 -1.36347145e-01
  -1.70453966e-01 -3.37644992e-03  2.09148407e-01 -1.15867525e-01
  -1.82590842e-01  2.26651490e-01 -9.95347574e-02  1.33798659e-01
   7.11091459e-02 -2.05048800e-01  2.04239488e-02  5.66049665e-02
   1.07924737e-01  3.62954810e-02  2.33767167e-01  1.44273117e-01
  -9.70515534e-02  1.03582218e-01 -1.16304405e-01  1.99404567e-01
   1.51852816e-01  1.24560699e-01 -1.20060042e-01 -4.51794565e-02
   9.06794965e-02 -7.44613633e-02 -1.27840593e-01 -2.81974450e-02
  -1.28154933e-01 -1.05684459e-01 -1.87311009e-01  1.81021467e-01
   1.08930811e-01 -1.28046528e-01 -1.39684200e-01 -8.18142742e-02
  -1.64055839e-01 -1.27596051e-01 -1.08736277e-01  1.76804326e-02
  -9.39888433e-02 -6.21707924e-02 -2.12886989e-01  1.73113137e-01
  -9.64676291e-02  7.91664273e-02  7.37255961e-02 -1.92999452e-01
   1.29580185e-01 -1.53844655e-02 -1.22297488e-01 -1.40630588e-01
   6.15751706e-02  1.26998886e-01  1.79999843e-01  2.06893116e-01
   1.48138097e-02  2.29966208e-01 -6.52612746e-02 -7.65229762e-02
  -2.12547049e-01  2.14024127e-01  1.51768848e-01  1.11972019e-01]]
<NDArray 10x84 @gpu(0)>]