[
[[[[ 3.98279205e-02  1.27318889e-01  2.19695032e-01  2.57106483e-01
     1.12357177e-01]
   [ 1.84487805e-01  1.41304478e-01  2.50462949e-01  8.65974128e-02
     1.03013933e-01]
   [ 1.11022063e-01  5.97758554e-02  7.82702565e-02  1.14359558e-02
     1.77530482e-01]
   [-1.12507612e-01  1.87797487e-01 -5.65603897e-02 -3.51378322e-02
    -9.49205365e-03]
   [ 7.64581189e-02  1.02079377e-01 -4.25421353e-03 -2.55486108e-02
     5.43409958e-03]]]


 [[[-5.40632047e-02  1.63599283e-01  2.12478295e-01  8.35916400e-03
     1.23990804e-01]
   [-1.09011658e-01  1.40272677e-01  7.68452883e-05  1.66834831e-01
     3.37618589e-01]
   [ 2.35714227e-01  2.80041397e-01  1.41226843e-01  4.10021126e-01
     3.78791928e-01]
   [ 2.76639998e-01  2.19906300e-01  3.86216283e-01  3.77946556e-01
     2.07271531e-01]
   [ 1.20731935e-01  3.04053217e-01  3.10753763e-01  9.46438015e-02
     2.35196218e-01]]]


 [[[-1.42609654e-02  1.46594092e-01  4.61090319e-02  1.22707874e-01
    -1.57537952e-01]
   [-1.29587963e-01 -7.97347277e-02  1.40841544e-01 -1.13208286e-01
    -7.39610046e-02]
   [-1.42666161e-01 -5.35406843e-02 -1.14365570e-01 -4.05340679e-02
    -5.23926392e-02]
   [ 4.15688083e-02 -5.14861420e-02  1.16961092e-01  7.10435794e-04
     9.50411484e-02]
   [-4.11097817e-02 -7.72832781e-02  3.58115062e-02 -8.33740458e-03
    -1.01779491e-01]]]


 [[[ 9.12032723e-02  2.64704138e-01  5.06300181e-02 -8.46001357e-02
     5.02701998e-02]
   [ 2.17506379e-01  3.55186045e-01  1.66848421e-01  1.04220584e-01
     8.46652687e-02]
   [ 1.81490406e-01  1.56415969e-01  4.17038262e-01  9.33560133e-02
     1.93754017e-01]
   [ 3.00771654e-01  3.76489699e-01  4.48094845e-01  3.04520547e-01
     2.17258669e-02]
   [ 4.13543433e-02  3.27627599e-01  2.43082717e-01  2.55837381e-01
     1.81884527e-01]]]


 [[[-4.17626575e-02 -1.22900568e-01 -1.61440551e-01  1.64275259e-01
     9.13476795e-02]
   [ 1.21599957e-01 -4.17571887e-02  9.30989347e-03  4.40901332e-02
     4.99679670e-02]
   [-5.65497950e-02 -1.09046072e-01 -3.50613073e-02  1.80576086e-01
     1.74829423e-01]
   [-1.11139767e-01 -2.19344385e-02  1.01610318e-01  6.94415420e-02
     1.73657000e-01]
   [ 8.80122483e-02  1.94301441e-01  1.36757195e-01  1.98700905e-01
    -1.30237117e-02]]]


 [[[-3.08398809e-03  2.55649462e-02  6.88465461e-02 -5.65597713e-02
     1.10557102e-01]
   [ 8.58371407e-02 -6.86742216e-02  1.41048446e-01  5.46013936e-02
     4.26727533e-02]
   [-3.55458073e-02  1.11385070e-01 -1.02481574e-01 -1.17546096e-01
     1.74450949e-01]
   [-4.40490898e-04 -6.41003102e-02 -1.36915311e-01 -6.62815571e-02
    -2.82460991e-02]
   [-1.28600970e-01 -1.29677281e-01 -1.02773234e-01 -1.25449747e-01
    -2.84943599e-02]]]]
<NDArray 6x1x5x5 @gpu(0)>, 
[[[[ 2.50629522e-02  1.28995087e-02 -7.37848952e-02 -4.40555671e-03
     7.53930360e-02]
   [ 4.45798114e-02 -5.45594236e-03 -8.55972692e-02 -3.15168351e-02
    -1.53626986e-02]
   [-4.51046899e-02 -6.75067827e-02  3.60961519e-02  3.02567780e-02
    -1.88458245e-02]
   [-5.46778515e-02  7.58847548e-03 -7.61735216e-02 -9.70666558e-02
    -4.45370935e-02]
   [ 7.58494623e-03 -7.27445930e-02  5.99684846e-03 -6.54949397e-02
     3.97635996e-03]]

  [[-2.31484249e-02  6.53332695e-02  5.00783511e-02  1.40262479e-02
    -1.55978743e-02]
   [-2.55134404e-02  1.03612533e-02 -2.73306835e-02  5.39563708e-02
     2.14404650e-02]
   [-8.23714733e-02 -9.40684527e-02  7.10124373e-02  7.81509932e-03
     4.84404620e-03]
   [ 1.29324552e-02 -7.09154829e-02 -7.34412298e-02 -4.59174626e-02
    -9.00448114e-02]
   [ 4.34188470e-02 -3.47876996e-02  1.35689955e-02 -3.84822488e-02
    -4.51143086e-02]]

  [[ 1.13084307e-02 -8.21885243e-02 -1.27855642e-02  2.56312992e-02
     8.88506621e-02]
   [ 8.35538432e-02 -7.22321048e-02  2.42816228e-02 -5.16685024e-02
     2.44608223e-02]
   [-5.98924831e-02  9.03972015e-02  2.24295128e-02  1.20011810e-02
     6.93211257e-02]
   [ 6.14307113e-02 -7.24908710e-02  5.92695735e-02 -8.63756612e-02
    -4.18210290e-02]
   [-5.96234314e-02 -8.06720257e-02  6.70223534e-02  2.71663181e-02
    -7.50174746e-02]]

  [[ 1.57650094e-02 -2.99716238e-02  8.41086730e-03  6.59267530e-02
    -2.16909572e-02]
   [ 1.01406844e-02 -5.75699322e-02  1.78852864e-02 -5.67102171e-02
    -4.37434912e-02]
   [-7.11457953e-02  2.96196435e-02  3.47854123e-02  3.30185406e-02
    -3.44189890e-02]
   [-1.00398257e-01 -9.17389542e-02  2.93972995e-02 -8.22027307e-03
     6.47026077e-02]
   [ 2.30303891e-02  4.15517800e-02 -4.30732407e-02 -5.38498387e-02
    -2.53073461e-02]]

  [[ 4.89708148e-02 -5.43099232e-02 -7.52959400e-02 -7.75456727e-02
    -9.68849473e-03]
   [-9.95975919e-03  7.01715425e-02 -7.31047913e-02 -3.72970551e-02
     6.80650994e-02]
   [-4.15517278e-02 -7.49093965e-02 -6.72545657e-02  2.91196117e-03
    -8.88926610e-02]
   [-7.53912553e-02  2.97586098e-02  7.42488950e-02 -5.22616580e-02
     7.55582675e-02]
   [-4.25271317e-02 -3.74089703e-02 -5.94126992e-03  1.33486260e-02
    -8.02513286e-02]]

  [[ 1.08737275e-02  1.29965572e-02  2.11366042e-02  1.89387891e-02
     1.14830425e-02]
   [-5.16300946e-02 -5.16178496e-02 -7.10683987e-02  4.86761257e-02
    -5.10863177e-02]
   [ 1.36384582e-02 -2.89258175e-02 -6.05834909e-02 -4.46184352e-03
    -2.43441463e-02]
   [-5.46634980e-02 -7.06988154e-03  2.38572787e-02  2.83647589e-02
    -2.61469721e-03]
   [ 5.19062467e-02 -1.49325584e-04  2.80016381e-02 -2.14911662e-02
     1.96513571e-02]]]


 [[[ 6.43492416e-02  1.38184354e-01  9.46184173e-02  1.46361366e-02
    -5.46896458e-03]
   [-2.83261016e-02  1.29842252e-01  1.59790859e-01  1.62550181e-01
     4.94116656e-02]
   [ 8.10532942e-02  5.89335039e-02  1.54485643e-01  1.33389741e-01
     1.05401948e-02]
   [ 7.49502778e-02  1.10362105e-01 -1.73131321e-02  1.24247745e-04
     8.60244185e-02]
   [ 7.73838311e-02  3.28831300e-02  5.16413599e-02 -5.22955786e-03
     3.02388631e-02]]

  [[ 8.18169490e-03  2.10899144e-01  1.94510520e-01  1.29798636e-01
     1.31006867e-01]
   [ 5.45548871e-02  2.44124234e-01  9.32420194e-02  1.33439943e-01
     1.24441504e-01]
   [ 1.61220744e-01  1.18214056e-01 -1.31928921e-03 -5.53324744e-02
     1.00489199e-01]
   [ 8.12696368e-02  7.54391924e-02  2.49790195e-02 -5.05712628e-02
     9.26720351e-02]
   [ 1.18143775e-01 -2.65135709e-02 -1.02447763e-01 -1.66792721e-02
     2.35723034e-02]]

  [[ 7.07817674e-02 -1.06832488e-02  7.12164119e-02 -8.34137499e-02
    -6.59495071e-02]
   [-8.32307264e-02 -5.55018038e-02 -4.54692766e-02 -7.90728480e-02
    -6.91727474e-02]
   [-1.29173156e-02  2.56943963e-02 -8.61551687e-02 -6.26043752e-02
    -4.83756047e-03]
   [-3.36676557e-03  2.69467253e-02 -4.43904437e-02 -3.73363607e-02
    -2.00199541e-02]
   [ 4.03514728e-02  9.39760823e-04  1.81991979e-02  7.66029656e-02
    -8.30086991e-02]]

  [[ 7.66251460e-02  9.97261554e-02  1.93779498e-01  5.96715696e-02
     5.30976988e-02]
   [ 8.99696499e-02  1.29689515e-01  4.74685542e-02  3.06090266e-02
     9.71689299e-02]
   [ 1.53463557e-01  1.02302693e-01 -2.91892514e-03 -3.88053954e-02
     4.26611453e-02]
   [ 1.32182166e-01  1.47853911e-01  8.38186741e-02  6.77165091e-02
    -3.39596160e-03]
   [ 9.06852633e-03 -9.12030414e-03  5.17054498e-02 -4.03101407e-02
     4.62201871e-02]]

  [[ 1.00731656e-01 -5.52814193e-02  1.20179608e-01 -5.77211268e-02
     3.99340615e-02]
   [ 2.17673182e-03  1.13122508e-01  8.63800570e-02  1.01300161e-02
    -5.32210544e-02]
   [ 1.11376733e-01  6.73381835e-02  3.80331911e-02  2.59169899e-02
     5.34746870e-02]
   [ 2.47783735e-02 -6.27236962e-02 -6.26370236e-02  9.88699794e-02
    -4.04897295e-02]
   [-9.61969644e-02  1.71645861e-02 -5.43678626e-02  7.05113113e-02
    -1.09420437e-02]]

  [[ 2.25513335e-02  5.12007624e-02 -8.88247415e-02 -5.32893017e-02
     1.43693155e-02]
   [ 6.35427162e-02 -2.55095027e-02  8.80343169e-02  1.98504031e-02
    -5.93735315e-02]
   [-2.09460370e-02  1.70318820e-02  5.63160889e-02 -8.65864158e-02
     2.15911251e-02]
   [-1.97017509e-02 -4.05301377e-02 -8.24769884e-02  2.75388975e-02
     8.41016099e-02]
   [ 5.80414012e-02 -1.14700645e-02 -8.59085470e-02  8.21185112e-02
    -8.08915049e-02]]]


 [[[ 6.90504313e-02  1.03273138e-01  9.30579305e-02  6.64014295e-02
     6.17537796e-02]
   [ 2.17060186e-02 -5.38057089e-02 -4.21165675e-02  1.24996215e-01
     9.33429748e-02]
   [-2.50864290e-02  1.00811757e-01  1.04299888e-01  2.14464784e-01
     1.44385427e-01]
   [ 1.16404459e-01  6.12687506e-02  1.71159476e-01  2.47597128e-01
     2.06730351e-01]
   [-1.75251253e-02 -3.23635712e-02  1.68918476e-01  2.06463695e-01
     4.06291448e-02]]

  [[ 1.49198994e-02  9.68406498e-02  1.53854460e-01  1.58523902e-01
     1.14440985e-01]
   [ 6.16851896e-02  2.82451976e-02  1.67554885e-01  1.94406301e-01
     2.11099207e-01]
   [ 4.94436622e-02  3.96775380e-02  2.59948075e-01  1.76346898e-01
     2.48356372e-01]
   [-2.85987444e-02  1.15263470e-01  2.18629032e-01  2.58307815e-01
     1.21204488e-01]
   [-6.27072155e-03  3.82970199e-02  1.90347880e-01  2.19340727e-01
     1.03920996e-02]]

  [[-4.16687429e-02 -5.72159626e-02 -1.36078494e-02 -6.32064641e-02
    -2.96901539e-02]
   [ 7.06949830e-02  1.81121863e-02  6.11552130e-03  2.29036398e-02
     1.56352669e-03]
   [ 2.42593586e-02  3.50895077e-02 -4.24505733e-02 -7.57202432e-02
    -3.89331803e-02]
   [-6.70454875e-02 -5.03056273e-02  6.08697049e-02 -1.83581412e-02
     6.44681975e-02]
   [-5.91881163e-02  7.11363405e-02 -5.88980950e-02  9.55511779e-02
     8.72460678e-02]]

  [[ 4.01329659e-02  8.47088546e-02 -3.28720436e-02  7.33474940e-02
     2.57356524e-01]
   [-4.19536643e-02  1.70829706e-02  2.28727497e-02  2.12909058e-01
     2.61427194e-01]
   [ 1.39889657e-01  1.30320676e-02  4.81253490e-02  2.55273789e-01
     1.00926436e-01]
   [-3.81641611e-02  3.30581553e-02  3.96536589e-02  2.58554548e-01
     1.63169384e-01]
   [-3.76148745e-02  6.43950254e-02  1.12435676e-01  1.21886887e-01
     9.92212594e-02]]

  [[-1.68523248e-02  4.56117420e-03  3.68886814e-02  1.01570427e-01
     2.46662050e-02]
   [ 5.35254851e-02  5.15252911e-02  1.48986094e-02  5.45094945e-02
    -1.79557987e-02]
   [ 2.05855034e-02 -5.27851284e-02  7.61433393e-02  8.42676386e-02
     9.71040726e-02]
   [ 7.60304257e-02  7.54425377e-02  4.60915267e-02  1.30529106e-02
     3.18524763e-02]
   [ 7.44443908e-02  7.53970519e-02  1.08068258e-01 -3.96082876e-03
    -7.87266865e-02]]

  [[ 2.87016872e-02  3.97510529e-02 -6.21730909e-02  5.45724593e-02
    -2.57472415e-02]
   [ 4.08688895e-02  2.23127007e-02  3.79961357e-02 -1.16270306e-02
     7.62532279e-03]
   [ 1.09383781e-02 -6.54887483e-02 -7.35056326e-02  8.23351219e-02
    -4.94242162e-02]
   [-1.93539113e-02 -4.84827310e-02 -5.03881089e-02  5.91104925e-02
     3.93978283e-02]
   [-9.89551004e-03  9.06494558e-02  9.30468272e-03 -7.79352784e-02
    -4.89675328e-02]]]


 ...


 [[[-6.85630441e-02 -3.70617621e-02 -2.83499900e-02  8.63241032e-03
     1.33146077e-01]
   [ 4.98691108e-03 -3.53057384e-02 -3.90605517e-02  1.07184984e-02
     9.18752551e-02]
   [ 2.92443223e-02  1.07826650e-01  8.35134834e-02 -5.23871407e-02
     3.86384428e-02]
   [-5.07294126e-02 -6.83531538e-02 -2.16444880e-02  7.27074966e-02
     4.01775073e-03]
   [-1.91847160e-02  8.66489112e-02 -1.53981019e-02  3.39539498e-02
    -4.33083512e-02]]

  [[ 9.36094522e-02 -6.12511970e-02  1.17041975e-01  7.20389187e-02
     5.24301454e-03]
   [ 7.09860846e-02  1.17217135e-02  4.90808003e-02  7.18019232e-02
    -2.04467140e-02]
   [-7.51207918e-02  1.03929162e-01 -2.00624969e-02  5.72051182e-02
     2.84125581e-02]
   [ 1.14331007e-01  1.94403790e-02 -1.00125469e-01 -7.10211173e-02
    -8.77308547e-02]
   [-1.64484568e-02  5.98821081e-02  2.23227274e-02 -1.39959872e-01
     5.49200028e-02]]

  [[-7.52135515e-02  6.26381338e-02  7.86584709e-03 -6.95445091e-02
    -7.67178312e-02]
   [ 6.04867674e-02 -1.86538473e-02  1.61924809e-02  3.45350727e-02
    -4.66712639e-02]
   [-1.33208074e-02 -6.45732880e-02 -7.98397884e-02  4.76778224e-02
    -5.41060194e-02]
   [ 8.86297300e-02 -9.16426443e-03 -6.16330393e-02 -7.26873130e-02
    -4.28003855e-02]
   [-3.23858820e-02  6.52995380e-03  8.17808360e-02 -5.31037012e-03
    -3.41573469e-02]]

  [[-8.44700262e-02 -2.26721056e-02  8.08165595e-02  4.61786091e-02
     2.54406482e-02]
   [ 6.23500012e-02 -2.56359093e-02  5.03495075e-02  1.06806248e-01
    -1.32757127e-02]
   [-1.51674533e-02 -3.07029150e-02 -8.87262374e-02  1.02098785e-01
     9.80239436e-02]
   [-3.62756886e-02  5.41040264e-02 -9.90851894e-02 -1.68599747e-02
     2.11310275e-02]
   [ 1.16890017e-02 -2.39052847e-02 -5.03376201e-02  1.03004798e-02
    -1.01128042e-01]]

  [[-2.17945240e-02 -5.77290915e-03  2.70441584e-02 -1.68544874e-02
     8.39486644e-02]
   [ 5.25726117e-02  5.21327853e-02  5.45702092e-02  5.63788638e-02
    -2.86807232e-02]
   [-6.38520494e-02  3.87438340e-03  8.16445574e-02 -4.67392094e-02
     1.85745861e-02]
   [ 6.14891872e-02  2.27414854e-02  5.39817102e-02 -7.35612288e-02
    -8.34170356e-02]
   [-2.11322792e-02 -3.48391533e-02  2.86215600e-02  7.59212226e-02
    -1.01056565e-02]]

  [[ 5.72171696e-02  3.95090971e-03  3.10256407e-02  2.74312887e-02
     4.06091698e-02]
   [ 1.83186382e-02 -5.81105798e-02 -8.12129602e-02 -7.55934045e-04
     7.24993087e-03]
   [-2.32230499e-02  6.59045130e-02  1.07481904e-01  8.33161175e-02
    -1.06280511e-02]
   [-7.18068630e-02  9.92878675e-02  9.61659774e-02  1.07045108e-02
     3.82461026e-03]
   [-2.65789554e-02 -1.01455394e-02 -8.72254893e-02  9.53346640e-02
    -4.85595055e-02]]]


 [[[-4.83559519e-02  1.04445457e-01  1.16029568e-01  1.44954696e-02
    -2.74243020e-02]
   [ 5.61056435e-02  1.11129545e-01  1.24839589e-01 -2.43725069e-02
     8.95153433e-02]
   [ 3.82518917e-02  6.75901175e-02  3.51214632e-02  8.17399025e-02
    -3.29643488e-03]
   [ 9.02127028e-02  7.50520378e-02  1.64113551e-01  1.37851536e-02
    -3.49508747e-02]
   [ 1.04246661e-01  1.25822484e-01  3.44696566e-02  1.04275949e-01
    -2.14727558e-02]]

  [[ 9.09968615e-02  1.69116765e-01  1.67285636e-01  1.08428448e-01
    -6.76175356e-02]
   [ 4.74352762e-02  1.75486445e-01  1.84030682e-01  4.39472497e-05
    -2.07475666e-02]
   [ 1.89184457e-01  5.40878102e-02  1.12159863e-01  5.03629372e-02
    -2.42043063e-02]
   [ 2.10157707e-02  1.56874612e-01  2.30084926e-01  2.08584353e-01
     1.58495948e-01]
   [-3.60960513e-02  9.92806107e-02  5.87372892e-02  8.78586173e-02
     6.67862669e-02]]

  [[-1.10170795e-02  5.51244095e-02  4.02146541e-02  5.28227687e-02
    -4.66464572e-02]
   [-5.64740933e-02  1.72241293e-02 -4.05578278e-02 -6.06700629e-02
    -1.65832359e-02]
   [-5.57116866e-02  9.50780232e-03 -7.47315064e-02 -6.58351108e-02
     8.04243609e-02]
   [-6.95563927e-02 -7.18359947e-02  7.88141042e-02  1.63926464e-02
     2.61133052e-02]
   [ 4.12668213e-02 -2.98173483e-02  8.62388834e-02  2.73296311e-02
     5.73941395e-02]]

  [[ 9.85572785e-02 -2.77841687e-02  3.11923772e-02  1.25560507e-01
     6.23191334e-03]
   [-3.37546282e-02  7.69386590e-02  1.13151684e-01  4.76532429e-02
    -8.59432369e-02]
   [-7.08755106e-03  1.99142903e-01  1.69626236e-01  7.01544434e-02
     4.71691415e-03]
   [ 2.77325138e-03  8.39882046e-02  9.57565010e-02  1.87142104e-01
     5.93923330e-02]
   [ 6.78635836e-02 -1.81671977e-02  1.56649753e-01  1.34384245e-01
     1.50663286e-01]]

  [[ 7.33424351e-02  9.14767534e-02  3.93473953e-02 -2.25668903e-02
     5.63686788e-02]
   [-4.30519693e-03  9.22898948e-02  9.29768682e-02 -3.81454378e-02
     6.74553141e-02]
   [ 8.56185481e-02  8.35801661e-03 -3.67202386e-02 -4.55608219e-03
    -4.33699116e-02]
   [ 3.45785171e-03  5.48467152e-02 -2.42872126e-02  7.40695745e-03
     7.73006976e-02]
   [ 2.70679444e-02 -7.27180392e-03 -6.97744451e-03 -1.67605653e-02
     8.47212896e-02]]

  [[-1.46020781e-02 -7.64858127e-02  8.80884901e-02  7.26132765e-02
     3.26613300e-02]
   [-6.26216307e-02 -8.73966143e-02 -9.71962325e-03  7.58877769e-03
    -5.16784862e-02]
   [-5.22748008e-02 -5.90374172e-02  6.44686222e-02  2.39053741e-03
     6.78933635e-02]
   [-4.38312069e-03 -7.71768205e-03 -3.41562107e-02  3.30299139e-02
    -4.87450846e-02]
   [-4.46858965e-02 -3.90308201e-02 -8.34160969e-02  5.82595766e-02
     3.65060978e-02]]]


 [[[-1.31333649e-01 -8.90522301e-02 -8.56870487e-02 -9.82965454e-02
    -1.72626093e-01]
   [-1.10302597e-01 -7.29832649e-02 -5.55416271e-02 -9.51000750e-02
    -6.08525574e-02]
   [-1.35001615e-02 -4.37207110e-02 -1.84635162e-01 -1.68730646e-01
    -6.99146315e-02]
   [ 1.91351920e-02 -1.28768414e-01 -2.16939449e-02 -1.61772519e-01
    -1.07264072e-01]
   [ 2.24324539e-02 -1.01154268e-01 -1.62997574e-01 -4.36908528e-02
    -4.23623398e-02]]

  [[-1.85677618e-01 -1.00952171e-01 -1.98211282e-01 -2.38883421e-01
    -1.68039545e-01]
   [-1.66795284e-01 -1.29391968e-01 -1.46868080e-01 -1.17916107e-01
    -2.15512931e-01]
   [-5.65244332e-02 -1.88477755e-01 -1.16321303e-01 -2.13964269e-01
    -2.08309531e-01]
   [-1.82439208e-01 -6.41368628e-02 -1.22577392e-01 -2.30035394e-01
    -1.19425490e-01]
   [-1.21224895e-02 -1.28384128e-01 -1.99232340e-01 -2.62429953e-01
    -1.69143468e-01]]

  [[ 5.34862503e-02 -5.64091392e-02 -3.81023157e-04  1.60120521e-02
     3.83397490e-02]
   [-7.69147575e-02  1.02474159e-02  3.77196372e-02  8.03692862e-02
     4.99507263e-02]
   [-6.68476894e-02  5.79526797e-02  5.08431830e-02 -7.34927133e-02
    -3.01278792e-02]
   [ 7.43857026e-02 -6.28973693e-02 -6.08949456e-03 -4.89683188e-02
    -2.39543580e-02]
   [ 2.06433795e-02  4.86140251e-02 -8.60830322e-02  6.90180659e-02
     7.39076436e-02]]

  [[-3.26464958e-02 -5.06487116e-02 -2.19277918e-01 -1.38848901e-01
    -1.54470474e-01]
   [-1.30107254e-01 -6.77708983e-02 -1.72539324e-01 -1.50387630e-01
    -2.56388664e-01]
   [-2.03064010e-02 -1.43914580e-01 -8.67016464e-02 -1.67328581e-01
    -1.50080144e-01]
   [-8.50145668e-02 -9.64600891e-02 -1.71862692e-01 -9.52358544e-02
    -1.69053391e-01]
   [-1.47030890e-01 -1.60922468e-01 -1.18969932e-01 -1.23765029e-01
    -1.91655949e-01]]

  [[-3.74721922e-02 -1.88294835e-02 -1.78550072e-02  1.18860230e-03
    -6.86654747e-02]
   [-5.19422144e-02 -8.21604282e-02 -1.07622355e-01 -8.80852342e-02
    -7.66770393e-02]
   [-9.16701853e-02 -5.49227148e-02 -1.15254261e-01 -8.07114169e-02
    -1.78918634e-02]
   [-3.40408087e-02 -2.11704709e-02  1.46210827e-02  3.03280652e-02
    -9.03524905e-02]
   [-3.55212912e-02 -2.86907032e-02 -1.01314574e-01  8.81417841e-03
    -8.86469148e-03]]

  [[-3.48272510e-02  2.13270336e-02  6.41786605e-02  3.36497165e-02
    -7.80518875e-02]
   [-7.29464516e-02  2.26568803e-02  4.37771939e-02  2.33568456e-02
    -3.99220400e-02]
   [-6.69114143e-02  4.68784086e-02 -3.46631147e-02  5.23515157e-02
     1.24037582e-02]
   [ 2.26883441e-02  1.36353942e-02 -1.13593237e-02 -8.95472169e-02
     8.35295841e-02]
   [ 1.75852571e-02  7.03019574e-02  3.59460860e-02 -5.45527190e-02
    -1.79721657e-02]]]]
<NDArray 16x6x5x5 @gpu(0)>, 
[[-0.05320885 -0.0175491  -0.0096627  ...  0.02575634  0.0253118
   0.07787843]
 [ 0.00493286 -0.05506105 -0.08795064 ... -0.07953846 -0.04521645
   0.0272032 ]
 [-0.02602551  0.01599421  0.05866193 ...  0.04895395 -0.03407526
  -0.02774399]
 ...
 [-0.08672799 -0.10893098  0.00840845 ... -0.07494617 -0.0116921
  -0.09906157]
 [ 0.03073657  0.04204975  0.06765463 ... -0.10929736 -0.04873344
   0.04150028]
 [ 0.04114148  0.09181798 -0.03346574 ... -0.03046968 -0.09267911
   0.02782742]]
<NDArray 120x256 @gpu(0)>, 
[[ 0.12242526 -0.08903342 -0.03621562 ...  0.00437438  0.07533357
  -0.09720221]
 [ 0.158883   -0.06523531  0.1253787  ...  0.01676173 -0.07244513
  -0.01554051]
 [ 0.09949268  0.02879274  0.0991579  ...  0.1471969  -0.04568982
  -0.04388941]
 ...
 [ 0.23536932  0.08830425 -0.0647098  ... -0.04156849 -0.06683988
   0.04101808]
 [ 0.20562737  0.13336547  0.15106183 ...  0.08180401 -0.11315017
   0.01204796]
 [-0.13821147  0.10742155  0.02488949 ... -0.03537974  0.08269908
   0.02193756]]
<NDArray 84x120 @gpu(0)>, 
[[-4.69136015e-02 -9.91815105e-02  1.29521772e-01 -1.24452628e-01
   5.61459027e-02 -4.59023267e-02 -4.15599905e-02  2.95014456e-02
  -6.86412975e-02  7.48018362e-03 -2.61666924e-01 -4.03349213e-02
  -1.65096909e-01  1.08294040e-01  2.97440216e-02 -1.34736031e-01
  -9.16566253e-02 -5.09284623e-02  4.84176427e-02  9.16222855e-02
  -2.33884826e-02  1.90431058e-01 -2.08280206e-01 -2.47211635e-01
  -8.84690881e-02 -1.84995934e-01  5.36233187e-03 -9.46388245e-02
   4.38875370e-02  3.64496335e-02  3.35747115e-02 -2.24806994e-01
   3.26758102e-02  2.04519674e-01  1.13730431e-02 -7.81432167e-02
  -2.99458839e-02 -1.21699832e-01  1.72817916e-01 -2.42835149e-01
  -6.11181408e-02 -1.75844967e-01 -2.45118830e-02  2.11528629e-01
   2.26123706e-01 -1.31705552e-01  1.51777357e-01  1.56845599e-02
   2.67844088e-02 -1.68982185e-02 -1.75916001e-01 -1.97507367e-01
   1.83007538e-01 -7.13435113e-02  8.83803219e-02 -1.33743491e-02
   2.17777729e-01  5.95200509e-02 -1.33854404e-01  2.11538389e-01
  -2.07406387e-01 -1.71079546e-01 -3.34437013e-01  1.65297687e-02
  -1.31220847e-01 -2.96452880e-01  1.65988669e-01 -9.22503322e-02
   2.95910425e-02 -1.18169695e-01  3.64266373e-02  2.03892604e-01
   1.76244050e-01 -1.92576334e-01 -1.64340228e-01 -9.27503631e-02
  -1.28688276e-01 -2.44757771e-01 -1.07401134e-02  2.85779890e-02
   2.07921147e-01 -7.24920705e-02  1.53837511e-02 -5.89769669e-02]
 [-1.64023429e-01  2.65703470e-01  3.91213268e-01 -9.62951183e-02
  -9.18866545e-02  9.49178487e-02  1.29512981e-01  3.43004577e-02
   4.54576686e-02  2.78047174e-02  2.00938106e-01  1.00249827e-01
   2.07226098e-01 -2.78059170e-02  3.74277011e-02  6.46913499e-02
  -1.58731446e-01 -6.04400747e-02 -1.78675935e-01 -1.03635363e-01
  -1.65016323e-01  2.22642198e-01 -1.82275206e-01  4.29773688e-01
  -1.71281487e-01  1.30982906e-01 -7.29081482e-02  6.24657609e-02
   1.12904593e-01 -2.07991242e-01  1.57837376e-01  3.03550959e-01
  -2.84614325e-01 -1.61774352e-01 -2.60207057e-01 -8.97971317e-02
   8.81463960e-02 -9.71231237e-02 -1.10699385e-01  2.97250420e-01
  -1.74818873e-01 -1.58307552e-02 -1.71561256e-01  1.55124113e-01
  -8.89459848e-02 -1.66458320e-02 -2.45042562e-01 -2.18371227e-01
   1.38562605e-01 -1.72058180e-01 -8.46785009e-02 -1.49465799e-01
  -1.36785164e-01  7.29605407e-02 -1.99484453e-01  1.65720880e-01
  -9.44451168e-02  1.44601196e-01 -1.34916857e-01  8.40801932e-03
  -9.29354727e-02 -9.87761393e-02  1.85718894e-01 -2.07356021e-01
   1.48564100e-01  3.48875254e-01  1.51304901e-01 -9.80486497e-02
   2.10584104e-01 -1.55364186e-01 -2.19662130e-01  2.21219449e-03
  -1.41977653e-01  6.50149435e-02  7.43161961e-02 -1.49505600e-01
  -7.17429742e-02 -7.81736374e-02  4.21785176e-01  1.45673901e-01
  -1.24013029e-01  1.65142268e-01  1.38553426e-01 -1.95868045e-01]
 [ 2.09574744e-01  2.00617701e-01  3.73267889e-01 -8.36165994e-02
  -2.44565696e-01  1.36567309e-01 -1.30839631e-01  5.51662408e-02
   2.26547971e-01 -2.63492197e-01 -2.66564816e-01 -1.02818377e-01
   1.85791522e-01 -6.85888082e-02 -9.35699716e-02  2.03805238e-01
   2.30730772e-02  1.98290907e-02 -1.73602104e-01  3.59813094e-01
  -1.40017271e-01 -3.96570265e-02  5.60937114e-02 -1.66649997e-01
   1.23990491e-01  1.99695721e-01  5.01961112e-01  1.15070954e-01
   2.02834487e-01 -1.24435261e-01  1.37053803e-03  1.18826497e-02
  -1.16107911e-01  6.96304836e-04  1.13725968e-01 -1.43064886e-01
   1.87327072e-01 -8.80417228e-02  1.25557110e-01 -1.29734099e-01
   7.83664137e-02  1.68928012e-01 -2.40213424e-02  2.06473609e-03
  -9.19685066e-02  7.07327276e-02 -1.07305408e-01 -6.91606030e-02
  -1.53794631e-01  4.56852242e-02  1.70283958e-01 -1.84780866e-01
   6.09179959e-02 -1.02989294e-01 -9.30175781e-02  2.18621984e-01
  -3.75032760e-02  3.60172614e-02 -1.88278854e-01 -8.29544067e-02
  -1.27347186e-01 -9.76811573e-02  2.27918714e-01 -1.09663799e-01
   1.60727620e-01  2.10657686e-01 -1.27022415e-02  1.46375731e-01
  -1.03407122e-01 -1.55067608e-01  1.61790088e-01  2.16087475e-01
  -2.24496443e-02 -9.26344991e-02 -4.86440137e-02  1.79206654e-01
   1.99846938e-01  8.14508945e-02  7.61538744e-02 -5.47867753e-02
  -1.00843363e-01 -1.12344950e-01 -3.09441388e-02 -1.67898774e-01]
 [-3.30137521e-01 -5.75576901e-01 -6.69181347e-01 -1.37506068e-01
  -5.50364405e-02 -2.17032909e-01  4.21700887e-02  4.50483188e-02
  -5.09873331e-01 -2.93901414e-02 -1.53044567e-01 -1.44860238e-01
  -1.37190729e-01  1.00349538e-01  8.61565024e-03 -1.40782878e-01
  -6.66060299e-02 -2.16703430e-01 -4.62801218e-01 -3.76010180e-01
   3.22009102e-02 -2.66485780e-01 -4.07209277e-01 -5.86166739e-01
   1.13901384e-01  1.01158403e-01 -3.51750106e-01  1.48401260e-02
  -1.20432273e-01  1.83178663e-01 -1.37936637e-01 -3.28621984e-01
  -5.22475839e-01 -1.77393511e-01 -1.03217021e-01 -1.32963017e-01
  -1.53009109e-02  2.68701650e-02  1.15569539e-01 -4.71075356e-01
  -3.51952463e-02 -1.17932811e-01  1.92770928e-01 -2.02083230e-01
  -7.95069784e-02 -2.54030883e-01 -4.40261275e-01  7.14378729e-02
  -1.42875567e-01 -4.96136909e-03 -2.03822896e-01 -6.92129731e-02
   3.19271795e-02 -3.75785321e-01 -2.81901598e-01 -1.10614240e-01
   2.11908802e-01 -1.41716361e-01  1.13161631e-01  2.94772573e-02
  -1.95362359e-01  1.07799381e-01 -4.48183149e-01  2.08621264e-01
  -3.59454572e-01 -3.31467032e-01  9.00300369e-02  2.78383493e-03
  -8.06884095e-02 -1.17877536e-01 -2.77512223e-01  3.66304740e-02
   4.88603786e-02 -2.38276750e-01  1.95723936e-01  1.40844867e-01
  -4.60662991e-01 -4.03814614e-01 -2.83635169e-01  1.50452510e-01
  -7.29443952e-02 -4.41384554e-01 -3.18302065e-01  1.12106286e-01]
 [ 1.28250927e-01  3.88125360e-01  2.72450954e-01  1.02001950e-01
   2.05216363e-01 -1.62400752e-01  2.36394644e-01 -1.27451867e-01
   2.91678190e-01  8.17113221e-02  1.81803435e-01  3.75709087e-01
   1.71728969e-01  1.69019833e-01  1.61251277e-01 -4.94354144e-02
   1.16722599e-01  4.25085202e-02  3.42959225e-01  8.02233443e-02
  -5.78942485e-02 -8.68775975e-03 -6.14893511e-02  2.11660832e-01
   1.58443525e-01 -2.28289329e-02  2.21414000e-01  8.80948752e-02
   1.82046946e-02 -8.18186998e-02 -6.88862354e-02 -1.90522760e-01
   3.91332686e-01  8.81795362e-02  1.18076608e-01  1.29580662e-01
  -1.64562985e-01 -1.64771557e-01  2.71692853e-02  2.89384365e-01
  -1.10991672e-02  1.77735731e-01  1.39687881e-01 -1.32701382e-01
  -1.41099885e-01 -1.92804471e-01  2.82121956e-01  1.60603195e-01
   1.12179041e-01  1.35489464e-01 -2.06173375e-01 -2.70378441e-02
   2.64394209e-02 -1.59591198e-01  1.94166973e-01  1.13147989e-01
   1.91374123e-01  2.55734622e-01  1.43729240e-01  4.23539430e-02
   1.08731516e-01  1.78663000e-01  1.20103352e-01  7.62553886e-02
  -1.26114339e-01  3.51750851e-03  1.32932514e-01 -2.18329281e-02
  -2.17465073e-01  2.13626802e-01  1.42679229e-01 -1.08063839e-01
   8.82889628e-02  2.91037440e-01 -1.69486269e-01 -7.50929862e-02
  -1.11113541e-01  1.05816349e-02  4.97724302e-02  8.68482888e-02
  -1.01474430e-02  3.79824862e-02 -4.57928516e-03 -1.99357823e-01]
 [ 1.06028907e-01 -1.46915928e-01 -1.24689806e-02  1.47621214e-01
  -1.57220185e-01  1.25192717e-01  7.30852187e-02  5.40133342e-02
  -2.95562059e-01 -2.76813423e-03 -6.60461634e-02 -7.48424754e-02
   9.40437764e-02 -3.15821962e-03 -8.10400695e-02  1.70982957e-01
   4.35985774e-02  1.03700027e-01  7.93952048e-02 -2.41918907e-01
   1.45211354e-01  1.28831401e-01  8.27616081e-02 -1.04304060e-01
  -2.15484470e-01 -1.42115504e-01 -8.72399211e-02 -7.44497776e-02
  -3.03580798e-02  1.96214363e-01 -1.84599817e-01 -1.26195744e-01
  -6.74243048e-02  1.36683285e-01 -4.36434671e-02 -4.20794971e-02
   1.42558083e-01  3.78788710e-02  1.92611650e-01 -2.50284612e-01
  -2.42908537e-01  1.36366710e-01 -1.16648465e-01  3.49411368e-02
   9.60425138e-02 -3.24042551e-02 -1.91679895e-01  1.30013391e-01
  -1.63026989e-01  2.90242545e-02  3.96607630e-02 -6.22736141e-02
  -1.44461721e-01 -2.49060944e-01  1.24295570e-01  8.02879632e-02
   1.55861661e-01 -9.07470509e-02 -2.02530429e-01 -1.28528774e-01
  -1.58273995e-01  1.85643733e-01  4.82098991e-03 -3.66816856e-02
  -2.34190270e-01 -2.74438858e-01  1.39019251e-01 -1.74766570e-01
   3.51026584e-03  1.84284806e-01  1.76109657e-01 -8.85921493e-02
   2.20645934e-01  1.18746832e-01 -1.20128669e-01 -7.17174485e-02
   1.54627383e-01 -1.28419936e-01  1.05772354e-01  1.78522244e-01
  -1.17123172e-01 -6.45563006e-04  3.61051634e-02  1.19943179e-01]
 [ 2.45009124e-01  5.79424538e-02  1.36472331e-02  1.96926594e-01
  -2.47931570e-01 -4.97014374e-02  8.05527344e-03 -1.56212255e-01
  -6.59480840e-02 -1.49865240e-01 -2.52862930e-01 -1.57569721e-01
   1.97155610e-01  9.42913890e-02  1.67354122e-01 -5.10499068e-03
  -1.23471677e-01 -2.59216763e-02  5.33133224e-02  1.02490544e-01
  -1.56226680e-02  1.24956183e-02 -1.07654959e-01  1.52537785e-02
   1.25683751e-02 -4.68519740e-02  2.27677096e-02  2.69954205e-02
   1.38688281e-01 -1.68240234e-01 -2.33753443e-01 -7.71698803e-02
   4.37234305e-02 -2.14302330e-03 -1.42004732e-02 -3.59100997e-02
  -4.73086955e-04  1.46853879e-01 -1.81981236e-01 -6.47854060e-02
   1.46295801e-01  4.03266996e-02  1.05389543e-01 -2.15050355e-01
  -1.58383742e-01  1.14113227e-01 -1.84886053e-01  1.91548809e-01
   1.57076597e-01 -1.50613025e-01 -1.02694798e-03  2.32232973e-01
  -1.60452634e-01  2.11697549e-01 -2.01972932e-01 -1.88251734e-01
   1.49118721e-01  1.17894374e-01  2.96493527e-02 -2.13569328e-02
  -1.04959495e-01  1.13827400e-01  1.54732680e-02  9.78262648e-02
  -1.20354995e-01  6.98672682e-02  1.25867486e-01 -5.93831986e-02
  -7.61090219e-03  1.84023470e-01  1.82477295e-01  1.93384327e-02
   1.95020810e-04 -2.70938605e-01  1.74391344e-01  1.65918112e-01
  -1.33921102e-01 -1.57778859e-02 -7.46020228e-02 -2.12175876e-01
   1.49317342e-03  1.60437990e-02  1.57856658e-01  1.52471513e-01]
 [-2.66002834e-01 -2.76037484e-01 -4.43559103e-02  1.15209252e-01
   1.29594952e-01  1.12291589e-01 -3.79125699e-02  1.36233017e-01
  -2.66421527e-01  6.93021566e-02  1.10359162e-01 -2.16439143e-01
   1.72966033e-01 -1.80179730e-01 -1.06378496e-02 -1.29656523e-01
  -7.93460011e-02  1.46753207e-01 -2.80487724e-02 -6.49440214e-02
   3.15175839e-02 -2.21005172e-01  1.65567935e-01  5.72493598e-02
  -1.88690916e-01 -6.80848286e-02 -1.28566206e-01  3.41906212e-02
   1.21376745e-01 -1.72364548e-01  4.05089781e-02 -1.03961252e-01
   4.05194685e-02  9.60423872e-02 -2.71642625e-01  1.59712732e-01
  -6.39150292e-02 -1.54296204e-01  2.74109822e-02 -1.87816843e-01
  -8.93992335e-02 -4.12403047e-03  2.67600548e-02 -2.06127107e-01
   5.60470633e-02  2.15951577e-02 -1.88399255e-01 -1.28052875e-01
  -2.82524645e-01 -1.33117869e-01 -6.46287128e-02  1.52208582e-01
  -1.70217678e-01 -2.48011470e-01 -1.93174884e-01 -4.41154116e-04
   1.68562621e-01 -1.66133702e-01 -7.14607760e-02 -8.09350461e-02
  -1.22107781e-01 -2.15738639e-01  2.70365067e-02 -9.04958993e-02
  -2.73754597e-01  2.14257315e-01  1.00501448e-01 -1.14249550e-01
  -6.58488180e-03  9.82955769e-02  1.99473165e-02  2.00272828e-01
  -6.79140463e-02 -2.25475118e-01  2.79263053e-02 -1.31202295e-01
  -3.41072083e-02  1.57095477e-01 -5.65803610e-02  1.03744254e-01
  -7.84211606e-02 -1.56493634e-01 -1.63376480e-01  9.68922824e-02]
 [ 1.60199493e-01  1.92871511e-01  7.05432594e-02  1.57249644e-01
   4.54570279e-02  1.34388968e-01 -1.88341171e-01 -1.51643917e-01
  -7.72593096e-02 -1.96573474e-02 -9.96530429e-02 -2.11460397e-01
  -5.17080128e-02 -1.81946784e-01  5.38545623e-02 -1.96513996e-01
   2.06944719e-01 -2.93875672e-02  5.03219888e-02 -1.64398532e-02
  -8.58597830e-02 -5.73885739e-02  7.30910450e-02  2.56385565e-01
   5.54297119e-02  9.68572870e-02  1.23284429e-01 -7.37456977e-02
   1.67923572e-03  7.37315789e-02  3.14596832e-01  2.66985059e-01
  -8.58300775e-02 -1.80865712e-02 -1.48125783e-01  6.38033599e-02
   8.72729626e-03  1.70398548e-01  1.84499905e-01 -1.61510915e-01
   8.55854377e-02  1.93168297e-01 -1.39785064e-02  1.49246797e-01
   7.56781846e-02 -1.40070900e-01  1.70980208e-02  2.44785342e-02
   2.59725392e-01  7.87785202e-02  1.75492108e-01 -2.20549583e-01
  -2.15811282e-01 -9.35268626e-02  9.38190520e-02  1.81038946e-01
  -5.01749739e-02  1.53738394e-01  1.62037611e-02 -1.20298760e-02
   4.79782484e-02 -1.15646489e-01  9.85346064e-02 -1.62515312e-01
  -2.09852923e-02  3.45706940e-02 -1.91440031e-01  1.63170949e-01
   1.23207852e-01  6.63147122e-02  1.78658873e-01 -3.05687506e-02
  -1.31436050e-01  3.97881977e-02 -1.28376380e-01  1.16895035e-01
   1.41449049e-02 -1.24600641e-01  1.07955836e-01 -9.76562351e-02
   1.65673688e-01 -2.08707318e-01 -1.39640138e-01  7.40708336e-02]
 [ 5.83599471e-02  8.06189179e-02  5.03172934e-01 -1.77932069e-01
   2.63160020e-01  7.47199804e-02 -7.30199218e-02  2.09345579e-01
   3.70512456e-01  2.36384839e-01  8.65442753e-02 -1.38993949e-01
  -7.00341910e-02 -9.42794830e-02  1.49614632e-01  2.18732804e-01
   1.25242457e-01 -3.71212326e-02  1.11498527e-01 -4.83416170e-02
  -1.67433783e-01 -2.35518403e-02  4.46928203e-01  2.52216756e-01
  -1.81707308e-01  2.26651490e-01  5.61635420e-02  2.73370117e-01
   1.10533029e-01 -2.05660865e-01  2.01320261e-01  3.27318788e-01
   3.95099610e-01  3.62490751e-02  5.23420215e-01  1.44273117e-01
  -9.75596234e-02  1.03680059e-01 -1.16172381e-01  4.56477910e-01
   2.38021910e-01  1.24560699e-01 -1.23973496e-01 -4.58138660e-02
   2.44839177e-01 -6.93264231e-02  3.84638011e-02 -2.74218842e-02
   9.62694287e-02 -1.03574842e-01 -1.87311009e-01  2.60367393e-01
   1.09494053e-01 -7.82720894e-02  1.29614770e-03 -8.17736387e-02
  -1.64032191e-01 -1.59503520e-03 -1.10252477e-01  1.40105542e-02
  -9.40313488e-02 -6.21707924e-02 -1.08697928e-01  1.72821790e-01
   5.63412793e-02  3.90300810e-01  7.02119693e-02 -1.92999452e-01
   1.24573253e-01 -1.63049921e-02 -2.45825872e-02 -1.41558886e-01
   1.19802400e-01  4.46922898e-01  1.79605424e-01  2.06858203e-01
   2.25615174e-01  5.04494429e-01  1.23715527e-01 -7.94460028e-02
  -2.11241350e-01  4.53417182e-01  2.29835331e-01  1.13417715e-01]]
<NDArray 10x84 @gpu(0)>]