[
[[[[-0.03281598  0.03892142 -0.03422502 -0.13393627 -0.15735842]
   [ 0.13731077  0.05173586  0.01332356 -0.02189338  0.0898342 ]
   [ 0.1333009  -0.03121844  0.03806719  0.06322607  0.05489254]
   [ 0.07299362  0.05250409 -0.0542839  -0.15202086 -0.09719406]
   [-0.13762893 -0.11055036  0.04392752  0.07310604  0.07030495]]]


 [[[ 0.12706119 -0.14260063 -0.00710374 -0.0093327  -0.134886  ]
   [-0.14339794 -0.10041973 -0.13544227 -0.06879237  0.13101652]
   [-0.11808555 -0.0407033   0.08710302  0.0113772   0.07691182]
   [-0.04558524 -0.03934115  0.1319676  -0.15657017  0.07297266]
   [-0.00452851 -0.01826882  0.11579236 -0.08483296 -0.12328658]]]


 [[[ 0.13215539 -0.10647181  0.06209539  0.10074523 -0.02297771]
   [ 0.05648972 -0.13203982  0.0995324   0.11968797 -0.05576921]
   [ 0.01588501  0.07373679 -0.03121288 -0.06044008  0.14093935]
   [ 0.15510869 -0.07802062  0.15128288  0.07750049 -0.04832072]
   [-0.00372851 -0.15782145 -0.08123269  0.01409842 -0.09293365]]]


 [[[ 0.04197839 -0.0660647  -0.13833103  0.00100961  0.09936899]
   [-0.10093285  0.07613243 -0.14462961 -0.10866624  0.14434922]
   [-0.09581994  0.13478619 -0.07427553  0.13147357 -0.06457026]
   [ 0.01254033 -0.15585814 -0.0110864   0.08021177 -0.08600616]
   [ 0.00756262 -0.09820737 -0.09710008  0.02878338 -0.06487969]]]


 [[[ 0.10915017  0.01255953  0.07715181 -0.01455502 -0.08030875]
   [-0.13341585 -0.10907163  0.07311435 -0.04674149 -0.05352546]
   [ 0.08630154 -0.06532464  0.11450025 -0.12313564 -0.12313326]
   [ 0.05301906  0.00847299 -0.05044686 -0.06266797 -0.09627325]
   [-0.01956488  0.06870139 -0.03964834  0.06568657  0.06823951]]]


 [[[ 0.10254419 -0.14105414  0.07103643  0.02430448 -0.00732802]
   [ 0.15100124 -0.09258372 -0.07022707 -0.1471651   0.11428958]
   [-0.02632679  0.09844294  0.0617575   0.00030805  0.06766647]
   [ 0.13680038  0.0605512  -0.15476455 -0.03435473  0.02278599]
   [-0.11131656 -0.1390812   0.05555867 -0.13172247  0.02837214]]]]
<NDArray 6x1x5x5 @gpu(0)>, 
[[[[-0.07975256 -0.02240552 -0.01554304 -0.06346868 -0.00866572]
   [ 0.00394615 -0.05112266 -0.07127775 -0.04405447 -0.05611794]
   [-0.03918338 -0.04274907  0.08341262 -0.08684092  0.08786144]
   [ 0.00519534 -0.00421966 -0.0836671   0.08605019 -0.08947119]
   [-0.0183901   0.06797358  0.00293758  0.02133476 -0.03171805]]

  [[-0.076488   -0.07048744  0.00542378  0.04353523  0.04848022]
   [ 0.02598917 -0.05247011 -0.06686711 -0.08000407 -0.0484845 ]
   [ 0.04209178  0.01533798  0.06454983 -0.08784162 -0.03599684]
   [ 0.04711593 -0.01970546  0.02118517  0.01516812 -0.04266701]
   [ 0.01075045 -0.08105506 -0.02371622 -0.00169117 -0.08529236]]

  [[ 0.08104851  0.05831798 -0.05675642 -0.03802841 -0.08886135]
   [ 0.05024774  0.05045589  0.05839016 -0.05923508 -0.05223947]
   [-0.07385159  0.01821978  0.07758964  0.01666178 -0.04072347]
   [-0.08263583 -0.03116526 -0.06620267  0.04277565  0.01815064]
   [-0.07316467 -0.07754891  0.02414422 -0.04429992  0.0485572 ]]

  [[ 0.01548643 -0.02771234 -0.07255291  0.05352727 -0.07754508]
   [-0.03178577 -0.05729283  0.04668386 -0.05456712 -0.07044335]
   [-0.02645607  0.02777466  0.05824479 -0.08515044  0.02227661]
   [ 0.03504484  0.03385143 -0.01725739  0.00198035 -0.01197515]
   [-0.080731   -0.07589269  0.01802522 -0.03316815  0.03763971]]

  [[ 0.07984353 -0.00198917  0.03917145  0.08819754 -0.00892277]
   [-0.03689422  0.01294187  0.07170474  0.03869418  0.09007143]
   [ 0.03700428 -0.01064999 -0.07361724  0.06151309 -0.03512358]
   [-0.08556405 -0.02706853  0.08677339 -0.07163727 -0.02230231]
   [ 0.06883144 -0.08732124 -0.06496982 -0.00613803  0.09001295]]

  [[-0.06390168 -0.07413988 -0.02832961  0.06251097 -0.05474337]
   [ 0.04756094  0.00375614  0.01278622  0.01704752 -0.01063626]
   [-0.05674526  0.05398222 -0.08650213  0.07913467 -0.03314026]
   [ 0.03030824  0.00394571 -0.03751777 -0.04435368  0.06657001]
   [ 0.01744276  0.08380575 -0.00869051  0.03604373  0.06250136]]]


 [[[ 0.08837054 -0.08965164  0.05125888 -0.00195226  0.02382713]
   [-0.01194414  0.03624838  0.06332985  0.04434162  0.06906078]
   [-0.07575443  0.02248707 -0.01067704 -0.07574199 -0.05047888]
   [-0.03693392  0.06337839 -0.06044623 -0.04167344  0.02680361]
   [-0.03423257  0.06929404  0.02377736  0.0319089   0.01622213]]

  [[ 0.06632947  0.08816741  0.03745333  0.04784784  0.01790451]
   [-0.062637    0.03282308  0.04840351 -0.03556914 -0.00404528]
   [ 0.08067515 -0.07507096  0.05138711  0.05324962  0.06355996]
   [ 0.0770353   0.08233755 -0.06253986 -0.01565727 -0.04922403]
   [-0.06962615  0.0204602  -0.06363393 -0.04284891 -0.04788919]]

  [[ 0.07622205  0.07898631  0.00343603 -0.06429646 -0.05007288]
   [-0.03108413 -0.03934524  0.07260031 -0.08378855  0.05345301]
   [ 0.06373855  0.05623663 -0.01509878  0.00796506  0.02243891]
   [-0.01242516  0.05203516 -0.00854251 -0.00494647 -0.0654802 ]
   [-0.04880904  0.01031159 -0.06906639  0.02774968  0.03648775]]

  [[ 0.0045312   0.04549924 -0.03204782 -0.0416883   0.00107834]
   [-0.07241198 -0.0559801  -0.05170506 -0.08824528 -0.0076318 ]
   [-0.05782543  0.0005261   0.08845963  0.08938173  0.01171399]
   [ 0.02761836 -0.0361257   0.05261249  0.06302587  0.06576321]
   [-0.04634684  0.07146924  0.07200792 -0.07121205  0.04670238]]

  [[ 0.04896315  0.01875909  0.00339543  0.02569129 -0.01357751]
   [-0.01747107  0.08376878 -0.01123358 -0.08005927 -0.0292964 ]
   [ 0.02698784  0.05194158 -0.0430102  -0.03499709 -0.05361236]
   [ 0.05604213 -0.05497219 -0.02615728 -0.00811818 -0.02301541]
   [-0.00427287 -0.0226955   0.01544021 -0.06834526 -0.07574876]]

  [[ 0.05371573 -0.0323579  -0.08612545  0.08407132 -0.0449585 ]
   [ 0.05284271  0.03370805  0.03643737 -0.04712289  0.054091  ]
   [ 0.03281842 -0.07393576  0.01473806 -0.03609937 -0.03286073]
   [-0.07609315 -0.06704242 -0.08391443  0.02247416 -0.07150048]
   [ 0.04737369  0.03816252  0.00141422 -0.07407689 -0.05751178]]]


 [[[ 0.04880209 -0.08577017 -0.0368482   0.07228663  0.07603062]
   [-0.05327313  0.02433409  0.0454846   0.01331137 -0.08950116]
   [-0.05654979 -0.06807505  0.06724695 -0.0464972   0.04945978]
   [-0.05948153 -0.07515998  0.07575344  0.07584626 -0.02758881]
   [ 0.06146447  0.06961025 -0.00305075  0.04427033 -0.03800433]]

  [[ 0.0586003   0.04928356 -0.08081669 -0.01217926 -0.08737434]
   [-0.0229147  -0.00624006 -0.0146047  -0.05318277  0.0013551 ]
   [-0.06456165 -0.05545    -0.07554679  0.04351342  0.04132918]
   [-0.05376201  0.08799199 -0.00584064  0.06387932  0.03431209]
   [ 0.0598711   0.05288257 -0.04320381 -0.08245605 -0.07904033]]

  [[-0.04669678  0.07130273  0.06497858  0.08583059  0.08331033]
   [-0.0382495  -0.08660067  0.02996991 -0.00562709  0.06480349]
   [-0.06635876  0.01292689  0.07905697 -0.04615717  0.04239313]
   [-0.03367293  0.02355272 -0.04273421  0.04124058 -0.06861647]
   [-0.03077959  0.06546282 -0.06020547  0.04543027 -0.07515132]]

  [[-0.05675023  0.01286765 -0.08807353  0.0214952   0.03640624]
   [ 0.05294488 -0.08617193 -0.07876623  0.04180991  0.03102292]
   [ 0.07830402 -0.06691772  0.00994487 -0.05698004 -0.08721895]
   [ 0.02696269 -0.03513886 -0.03178641  0.03293639 -0.07929402]
   [-0.02098703 -0.08306082  0.05976111  0.05617844  0.00803871]]

  [[-0.02536784 -0.0567621   0.00582831  0.01251387  0.03905172]
   [-0.07123234 -0.0338555  -0.03041119 -0.04430003  0.0266225 ]
   [ 0.01369149  0.08789178  0.06503383 -0.03317446 -0.08602351]
   [-0.03981144  0.03073388 -0.06868915  0.0035826   0.01209425]
   [ 0.05157851 -0.05793833  0.00282964 -0.08687595 -0.07509359]]

  [[-0.03486688 -0.03024027  0.08697931 -0.03044847  0.08486447]
   [-0.05523791  0.0311159  -0.04107007 -0.02641761 -0.07553044]
   [ 0.01097819  0.05679605  0.00062537 -0.05348681 -0.0651511 ]
   [ 0.03987569  0.06837393 -0.01549113 -0.07643823 -0.00814304]
   [ 0.08266855  0.06448027 -0.08188657  0.04785154 -0.02227567]]]


 ...


 [[[ 0.01175405  0.00678749  0.07180425  0.00365853 -0.01968578]
   [-0.02149022 -0.02667909  0.00353373  0.02120586  0.0724305 ]
   [-0.04304677 -0.07442385 -0.01978876 -0.09015181  0.01667826]
   [-0.0813412  -0.02633972 -0.02146676 -0.0005318  -0.04000514]
   [-0.05706394  0.00289807 -0.0582833  -0.08208076 -0.03574453]]

  [[-0.0502674  -0.0341331  -0.08945378 -0.04648741 -0.07944681]
   [-0.08528174 -0.05911545 -0.08339068 -0.08008584  0.01179716]
   [ 0.0671875   0.0876871  -0.03218473  0.02466303  0.00196139]
   [-0.05319139  0.00708198 -0.06075355  0.03193818  0.00643366]
   [-0.02152973 -0.03023098 -0.0675935  -0.00413863  0.0365004 ]]

  [[-0.01173872  0.0602101  -0.08669219  0.00668164  0.0840702 ]
   [-0.02371886 -0.03530103  0.02960082  0.03951675  0.02834352]
   [ 0.04466826  0.06996321  0.01450963 -0.04187185 -0.03343737]
   [ 0.02492732  0.03992512  0.01857553 -0.02543325  0.01053753]
   [-0.02588387 -0.08409336 -0.06643143 -0.08123463 -0.01987638]]

  [[ 0.00701895 -0.0422717  -0.02020585  0.06752012 -0.06347281]
   [ 0.06348834 -0.03921891 -0.08802985 -0.06600763 -0.03568263]
   [-0.01244131  0.0645142  -0.03850126  0.04753191  0.0235396 ]
   [ 0.01953166  0.08756333 -0.05645199  0.04043069  0.06468134]
   [ 0.04103353 -0.0163192   0.0533802   0.07772542  0.03821366]]

  [[ 0.02493209 -0.06092722 -0.05631871  0.07911652 -0.01805517]
   [ 0.07542654  0.07180838 -0.00560643 -0.01675409  0.04209676]
   [-0.02937007 -0.04662547 -0.00847171 -0.005898   -0.06444637]
   [-0.00214098 -0.0077847   0.00582806 -0.01849925 -0.03915759]
   [ 0.0364562  -0.0638964   0.02972376  0.00905184 -0.06855991]]

  [[-0.05169063  0.06620308  0.08564828 -0.00186821 -0.04334303]
   [-0.0284498   0.01170888  0.02195627  0.08150535  0.0164616 ]
   [-0.06660564  0.06571727 -0.03256264  0.08748544  0.05343147]
   [ 0.01784756  0.01329684 -0.0488034  -0.04794806 -0.04613104]
   [ 0.08803304 -0.03217771  0.02979901  0.02704033  0.05283285]]]


 [[[-0.01902997  0.02289448  0.08211621  0.02227681  0.02247033]
   [ 0.05772086 -0.01926676 -0.01856042  0.00612816  0.03030494]
   [ 0.05504069 -0.0278127   0.01506773  0.07196213  0.01797871]
   [ 0.06277778 -0.0645275   0.04090144 -0.00705506 -0.07873201]
   [-0.02946926 -0.07239664 -0.0267148   0.00590678 -0.08690965]]

  [[ 0.07724496  0.08500694 -0.03267947  0.02554069 -0.0401226 ]
   [-0.07213606 -0.02321045  0.08829626  0.01351956 -0.05374148]
   [-0.03186705  0.08884352 -0.05479696  0.08219474 -0.04247452]
   [ 0.0655094  -0.05954047 -0.08585011 -0.05673604  0.00768191]
   [ 0.08265961  0.07259303 -0.02062149  0.08228975  0.08553984]]

  [[ 0.05851796  0.01016845 -0.01764899 -0.01952247 -0.02344926]
   [ 0.05130213 -0.04212127  0.01172422 -0.01537979  0.04328496]
   [ 0.0749108   0.07295267  0.08769544  0.07995238  0.03167245]
   [ 0.0152125  -0.01110087  0.0650805   0.0533874   0.01804429]
   [ 0.04007552 -0.0111848   0.04877315  0.03383011 -0.08396672]]

  [[ 0.05566377  0.01679757  0.03098776 -0.02573024  0.02889403]
   [-0.06735826  0.02449724 -0.04663762 -0.05860313  0.00944676]
   [ 0.0822077  -0.00604762 -0.04924521  0.0890497  -0.00726411]
   [ 0.02623481  0.06614935 -0.07682095 -0.05548908 -0.01614993]
   [-0.01151735 -0.0587861  -0.03075259 -0.05350364  0.05224479]]

  [[ 0.06832527  0.02904491 -0.03847558  0.08733607 -0.01295203]
   [ 0.03227765  0.01826759  0.01984648  0.00156368  0.05404554]
   [ 0.0665004   0.04851397  0.04698043 -0.07241251  0.0644308 ]
   [-0.0426688  -0.08817857  0.04501045 -0.03550637 -0.0256957 ]
   [-0.03655476  0.00057606  0.00676342  0.02455636  0.02748693]]

  [[-0.04327719  0.02485814  0.0598409   0.01411457 -0.06936078]
   [-0.01574175  0.05461856 -0.00569962 -0.05456268 -0.08450089]
   [-0.01070363  0.02248402 -0.0563561  -0.00184339  0.0024194 ]
   [ 0.04443581 -0.07901624  0.02124331 -0.02524166 -0.04277743]
   [ 0.02047011 -0.04994304 -0.07353537  0.02262218  0.08643914]]]


 [[[ 0.06447319 -0.06275456  0.03204466  0.05363446  0.04589555]
   [ 0.08664881 -0.08004788  0.07331967 -0.03591948 -0.03649127]
   [-0.02214132 -0.02861383  0.0535071   0.03384567  0.04797072]
   [-0.06609406  0.04147942 -0.03408292 -0.06581504 -0.02780512]
   [-0.05234578 -0.00757854 -0.08397385  0.08907954 -0.04599678]]

  [[ 0.03716808 -0.02333762 -0.08886658 -0.06378069 -0.01379422]
   [-0.00815969 -0.04171863 -0.08776721 -0.00269967 -0.00761799]
   [-0.02073031  0.06412391 -0.05147319  0.03581674  0.06003385]
   [ 0.0476452   0.05704535 -0.05652362  0.01243881 -0.03960775]
   [ 0.05684482 -0.03412721 -0.01204239  0.04751404  0.0215911 ]]

  [[-0.05422596 -0.00852276  0.0883984  -0.06337108 -0.00731497]
   [-0.05912258  0.05638169  0.07380017 -0.08902707  0.02237415]
   [ 0.01659513 -0.01071385  0.00015754 -0.0239886   0.03929589]
   [ 0.05040207 -0.07153048  0.01358815  0.02264823 -0.04771485]
   [-0.07294396 -0.08375677  0.04892042  0.08146412  0.01564446]]

  [[-0.08892    -0.07777164 -0.00332823 -0.05444907 -0.05263939]
   [ 0.01981353  0.01846562 -0.05454459  0.02322543  0.03250683]
   [-0.04205696 -0.08153299 -0.0170503  -0.07307601  0.03097747]
   [ 0.05610279 -0.08624803 -0.06804734  0.0204264   0.05194185]
   [ 0.02634712  0.02947482 -0.00946725  0.07076611  0.0502803 ]]

  [[-0.06913755 -0.05059134 -0.06114466  0.07793588  0.07451699]
   [-0.00518335 -0.08512492  0.0068563  -0.06376584 -0.07226003]
   [-0.07015066 -0.02189884 -0.03263908 -0.05984355  0.05664801]
   [-0.03483932 -0.03407175  0.02580529 -0.01930518  0.01703769]
   [-0.02161765  0.03778671 -0.00102242  0.05172019  0.00316769]]

  [[-0.08624912 -0.05420436  0.03791284 -0.02716754  0.01377011]
   [ 0.07831313 -0.06181934  0.06739073 -0.0791129   0.02912983]
   [-0.06022502 -0.07624695 -0.04149492 -0.07458023  0.06976291]
   [ 0.05565953 -0.08932846 -0.04336971  0.03480773  0.02982097]
   [-0.00580858  0.00635081  0.0118695   0.07682798  0.05426005]]]]
<NDArray 16x6x5x5 @gpu(0)>, 
[[ 0.01759308 -0.01044153  0.09029267 ... -0.0475197  -0.04497754
   0.0623631 ]
 [ 0.06466352  0.02545769  0.09278529 ... -0.01802354 -0.0684852
  -0.08036692]
 [-0.03757536 -0.05839555 -0.05863181 ...  0.10251113  0.08206221
   0.01038314]
 ...
 [-0.092213   -0.06105424  0.01290759 ...  0.10714632  0.08376252
  -0.02789478]
 [ 0.08706591 -0.06684037  0.04366419 ... -0.03413976 -0.03111946
  -0.05241778]
 [ 0.09882527 -0.05416333  0.08607041 ...  0.03693063 -0.03017371
  -0.06998306]]
<NDArray 120x256 @gpu(0)>, 
[[ 4.72390652e-02  8.22544098e-05  6.11959845e-02 ...  9.06384140e-02
  -1.30464315e-01 -4.36884612e-02]
 [-6.26899898e-02 -1.45550758e-01 -7.57329240e-02 ...  1.16559207e-01
  -3.63349095e-02  1.58927441e-02]
 [-1.36312097e-02  2.03335136e-02 -1.15450114e-01 ... -8.15711394e-02
  -4.95504588e-02  3.78027856e-02]
 ...
 [-6.74497038e-02 -8.89289379e-03  1.17984533e-01 ... -9.95417684e-02
   1.23459548e-01  7.45629519e-02]
 [ 1.24066055e-01 -4.75363061e-02  6.50901496e-02 ... -6.27884194e-02
   7.72705823e-02 -8.10275897e-02]
 [-4.91101667e-02 -1.04295127e-01 -3.68705466e-02 ... -1.12128899e-01
   4.20189500e-02  4.67296988e-02]]
<NDArray 84x120 @gpu(0)>, 
[[-0.13517705 -0.21431863  0.03965543 -0.13719839  0.01779218 -0.21468402
  -0.1165702   0.01553586 -0.03011218 -0.12884483 -0.05199093 -0.06536081
   0.02206331  0.19367735  0.03877322  0.09990124 -0.08401437 -0.1825676
   0.09050022 -0.02775788 -0.19287452 -0.08617929 -0.01160794 -0.12435523
   0.03375779  0.17059155 -0.06078731  0.15411593 -0.10806242  0.19739868
  -0.09540247  0.1704881  -0.01962833 -0.05547959 -0.07713579  0.08170773
  -0.12145396  0.12394179 -0.07183585 -0.20200144  0.14202009  0.15632118
  -0.15635815 -0.0973276   0.18995385 -0.19051729 -0.00334834 -0.14436275
   0.19443284 -0.10274116  0.17595191 -0.02117494  0.04888855 -0.04562035
   0.1294835  -0.11264535  0.1518827   0.17516331  0.13110463 -0.18919729
   0.14944969 -0.20047201  0.17552866  0.01047555  0.06922959  0.12300666
   0.19733255  0.02612695  0.19499753 -0.00606565  0.0770935  -0.11453339
  -0.11111126 -0.04169868  0.10766952  0.1575457   0.09065081 -0.1165337
  -0.15590806 -0.13176325 -0.03398359 -0.12763773 -0.1370798  -0.02523664]
 [ 0.03562583  0.09324585  0.02507357  0.01043049 -0.11788827  0.00683567
  -0.10071614  0.14034136 -0.05253822 -0.1014228   0.00950634 -0.10345993
  -0.11270902  0.14080723  0.18662913 -0.04981345 -0.12477807  0.01265733
  -0.05579555 -0.10689424  0.14977752 -0.14535859  0.15347938 -0.04743303
   0.21731775  0.00380817  0.07869984 -0.12681043 -0.01569271  0.1879475
   0.1026269  -0.03210926 -0.00168197 -0.0526991  -0.12943417  0.04838942
  -0.13420938 -0.114112    0.04681225 -0.17757261 -0.19440864 -0.1567711
  -0.08277068  0.1492279   0.06390746 -0.08621897  0.0752386  -0.02189933
   0.14156507  0.20644711 -0.03005855  0.03958009  0.06365596 -0.11030664
   0.05937172 -0.13289317 -0.1681518   0.11494847  0.07425104  0.07228117
  -0.02844     0.06175889  0.13048328  0.07135154  0.04467119  0.07908149
   0.19430207  0.00226863  0.18813561 -0.01759605  0.07813276  0.14736469
   0.12675254 -0.1297791  -0.19140461 -0.0813635  -0.07496251 -0.20936891
   0.21672194  0.01673569  0.07173575  0.00879292  0.06831484 -0.1624661 ]
 [ 0.07653482  0.18419258  0.09962432  0.0281352   0.04162584  0.02161399
  -0.11420189 -0.14780062 -0.08754323 -0.01831132  0.08129178  0.08435015
  -0.05614334  0.00523449 -0.1658701   0.16552319  0.06447549  0.20557521
   0.06642903  0.04555641  0.07995842 -0.10530668 -0.09037383  0.08753036
   0.12891747 -0.21237987  0.1733027  -0.09909626 -0.09647699  0.21610288
  -0.169108   -0.09080546  0.17714228 -0.02883451  0.00220717  0.10423239
  -0.05716369 -0.13489081 -0.04371698  0.09752385  0.11436538  0.10103415
  -0.00338089  0.14042644  0.05653609  0.0914139   0.14127423  0.10697399
   0.15564062  0.0512131  -0.11543587  0.18894498 -0.04423311  0.1786577
   0.05476157  0.13837393  0.05921064  0.08486684  0.07415672  0.21499501
   0.05983634  0.19949596 -0.0887157  -0.0359977   0.03839631  0.01931873
  -0.08690998 -0.14711636 -0.10494738  0.08803679 -0.13504513 -0.03040771
   0.09765209 -0.02098459  0.16021697 -0.02234368 -0.1242588   0.2166156
   0.04359518 -0.18509303  0.092151   -0.09666468 -0.1340152  -0.17179945]
 [ 0.04358838 -0.16040978  0.1470765  -0.01094215  0.00278139 -0.02252439
   0.18940096 -0.08981122  0.00328852  0.02598888  0.14775784 -0.07014416
  -0.15412688  0.20565201  0.2114415  -0.19826551  0.1610833   0.14019917
   0.0383306   0.11903451  0.06714584 -0.21407387 -0.06184061  0.19424318
  -0.07181637 -0.20785195 -0.18660688 -0.00989893 -0.11635179  0.05295677
   0.16135846  0.1636181   0.13188724  0.04008494 -0.18844537 -0.17240214
  -0.17105338 -0.0018751   0.18084295 -0.15240061  0.0544457  -0.06265882
   0.05197246  0.12082382  0.07647602  0.02438071  0.13282885 -0.1655097
   0.0565014   0.07605727  0.10491489  0.11791871  0.03038448 -0.17964463
   0.10894491  0.09377275 -0.01169585  0.05627419 -0.09458245 -0.17609575
  -0.01275745  0.09018157 -0.07373987 -0.01188923  0.20143117 -0.05345637
   0.09685953 -0.09834244 -0.03037855  0.21248485  0.04545225 -0.19843245
  -0.13624205 -0.05383091  0.01370433  0.01854867  0.16230513  0.18208234
  -0.0897795  -0.06543562 -0.18229693 -0.11226224 -0.18885213  0.03836562]
 [ 0.15804587  0.17620333  0.0959994  -0.06154084 -0.02730724 -0.09581448
   0.02140795  0.06992747  0.02978097  0.18082382  0.18445547 -0.19125777
   0.08156396  0.18180268 -0.14368182 -0.04340057 -0.08953261 -0.08306217
  -0.05136018 -0.12237708 -0.17263673  0.02126877  0.07673807  0.1378649
   0.14781208  0.14085238  0.05471863  0.12792088 -0.10070919 -0.00093609
   0.14434107  0.21307169 -0.10750448 -0.00398943 -0.01180145 -0.18562786
  -0.13649355 -0.02983569 -0.11043134  0.10205816 -0.07826385 -0.1810328
  -0.02624045 -0.10493542 -0.0925613   0.21112768 -0.12991399 -0.15109916
  -0.1727608   0.00052322 -0.18962656 -0.17403239 -0.10331975  0.04255135
  -0.14264882 -0.1744508   0.00698708 -0.2046364   0.0059699  -0.13833556
  -0.1583391  -0.04669788  0.14020608  0.11425011 -0.11483064  0.11500882
  -0.15761366  0.18195052  0.00865741 -0.16041158 -0.2080051  -0.06750686
   0.08810373 -0.21081139 -0.14995602 -0.21754472  0.21699782  0.16148193
   0.03443684  0.17618825 -0.19059083  0.00116593  0.20325498 -0.11515208]
 [-0.09435381 -0.2123835  -0.01654506 -0.11542487  0.02835581 -0.03702955
   0.07065241  0.04977812  0.18678434 -0.07959746 -0.05969904  0.16524686
  -0.12753564  0.03286521 -0.0528217   0.04276346  0.10351031  0.06819285
  -0.05313887 -0.16208673 -0.14440009  0.1046005   0.19716261  0.16154255
  -0.12756118  0.03914486 -0.01386881  0.03032006 -0.21139954 -0.02394588
  -0.07923596  0.13837679 -0.0213016   0.09729864 -0.1738667  -0.06831975
   0.20496045  0.1164638  -0.05724576  0.21021421 -0.12352911  0.11969732
   0.08846016  0.07774751 -0.18503039  0.03431    -0.13484332 -0.1134842
  -0.19031444  0.08495449 -0.1994439  -0.08405173  0.05153848  0.1768531
   0.02012128 -0.0673541  -0.04698958 -0.12434427  0.01350558 -0.14083752
  -0.12806313  0.12552927  0.0354654   0.19236301  0.1486202  -0.19879806
   0.06014062  0.20423196  0.11848013 -0.19995295 -0.17546779 -0.0963036
   0.09101821 -0.1605028  -0.20072517 -0.14456     0.08211713 -0.08220553
   0.09789921  0.19280212 -0.04528013 -0.0131274  -0.1609121  -0.18241815]
 [ 0.15295394  0.16568385 -0.13188332  0.05990507 -0.1548909  -0.16796017
  -0.06268814 -0.03664735  0.20199676 -0.14507051 -0.19705842  0.15889387
   0.01141624 -0.20637839  0.06711976 -0.0497106   0.12839393 -0.00754149
  -0.21387066  0.18119548 -0.10890377  0.09417553 -0.13714203  0.19453122
   0.1733378  -0.00029884 -0.13696784  0.19058673 -0.02024303 -0.01670246
   0.04369684  0.13299392 -0.09747472 -0.11124397 -0.03893812 -0.14019614
  -0.08273523  0.01841417 -0.20856482  0.06965126  0.19319941  0.063228
   0.18080656  0.17901321  0.14540724  0.01540484 -0.06281069 -0.09938929
   0.10314097 -0.16546667  0.20595862 -0.19157815  0.1413102   0.13225232
  -0.03484534  0.02894156  0.12593092 -0.12486649 -0.14308035 -0.02488625
   0.14286904  0.02631515 -0.04179589 -0.10994058  0.1657312   0.13680355
   0.07829209 -0.19682792 -0.07181811  0.09915332  0.03116539  0.19257359
  -0.07126285 -0.08381502 -0.12692666  0.18249063 -0.0444079   0.03966431
  -0.14650661  0.04857256  0.20187832 -0.05348755  0.12504731 -0.17848861]
 [ 0.21747069 -0.20213391 -0.10613535  0.06389083 -0.19222914 -0.15049078
  -0.10706497  0.01994736  0.04756777  0.19813229  0.1962898   0.04415427
   0.07523809 -0.06198628 -0.10767833 -0.17647655  0.08551396 -0.11976198
  -0.06086105 -0.09152481  0.14548491  0.1797085   0.0084863   0.1564307
   0.21199705 -0.20448296  0.20086794  0.10081665 -0.12258064  0.01187417
  -0.0356182   0.15707298  0.02391477 -0.14226882  0.08276142  0.02126361
  -0.16755193 -0.01904282 -0.00398251 -0.15221941 -0.08383021 -0.14190355
  -0.08864687  0.09171252 -0.04918824  0.02995476 -0.03488125  0.01012802
  -0.06101017 -0.12370001 -0.15445398 -0.12157343  0.14631133  0.09920718
   0.11742689  0.01680522  0.04273571 -0.06876394  0.1698458   0.08378212
   0.02105246  0.09814785  0.15578078 -0.10693362  0.0110704   0.21544312
   0.04747845 -0.04093117 -0.10359954  0.21316709  0.20149721  0.02444705
   0.10896148  0.12246208  0.1820438  -0.1337285   0.10836743 -0.17585097
  -0.15416828 -0.15054101  0.09740214 -0.19383506  0.07849805  0.05212684]
 [-0.1595593   0.10824616  0.07036836  0.1692367  -0.18192187 -0.05727935
   0.02276771  0.15888818  0.04313572  0.10033526 -0.1961596  -0.04695207
   0.02872798 -0.09509285  0.21707852  0.11002578 -0.05173297 -0.1794989
   0.19256859  0.14086606  0.06554352  0.21430008  0.09714185 -0.12302481
  -0.09047011 -0.04898944  0.11470933  0.20517449  0.21074475  0.1625612
   0.00986007 -0.1157032  -0.02824453  0.02931647 -0.1990039   0.18802534
  -0.18483604 -0.11010917  0.18488707  0.01859249  0.1347201  -0.05892088
   0.07425039 -0.08200362  0.14375336  0.18479939  0.02623768 -0.17086029
  -0.00235026 -0.13000523  0.1541229  -0.18040366 -0.18359101  0.04847874
  -0.04823352  0.17574401 -0.02115488 -0.01099831 -0.14560795 -0.13273317
   0.00885385  0.05496202 -0.16537675  0.21751903 -0.07316284  0.14201497
   0.05399998  0.21275167  0.01027508  0.16989641  0.09875186  0.04438342
  -0.02171594 -0.03351466  0.19856478 -0.07011595 -0.0796081  -0.00767437
   0.18158744  0.18169086 -0.13360584 -0.0372808   0.07443745  0.18290876]
 [-0.19591407  0.13136469 -0.11246073 -0.0045239   0.08396487  0.21524085
  -0.16960324  0.14438738  0.01618783  0.15246876 -0.1345189   0.15276195
   0.11394288  0.14298396 -0.19487013  0.02706157 -0.15845008  0.17078872
  -0.14004222  0.17576109  0.09192725 -0.21777578 -0.08915886 -0.08893414
  -0.04890989 -0.0802733  -0.11429747  0.13858537  0.10109647  0.02834153
  -0.14821526  0.1224951   0.01973677  0.03029826  0.01940423 -0.2097875
   0.02928527  0.10817517  0.21659078  0.13662274 -0.00891981  0.04828517
   0.08840053 -0.02468528  0.03994222  0.00736521  0.12220009  0.04614402
   0.1089028   0.18224461 -0.15550523 -0.07901491 -0.19418128  0.20612933
  -0.21029569  0.03503616 -0.16602765  0.00522971  0.1987466  -0.12325622
   0.11425473  0.17453213 -0.02519126  0.06412886  0.08082671 -0.07703438
  -0.10166681  0.12863733 -0.05224691 -0.02787955  0.15601088 -0.14827254
  -0.01125991  0.05715196  0.19664125 -0.05472864  0.14745598  0.06682162
  -0.02458511  0.10625137  0.18938036 -0.1161704  -0.13673502 -0.18594238]]
<NDArray 10x84 @gpu(0)>]