2020-05-04-00-32-04
{'learning_rate': 0.04, 'batch_size': 50, 'epoch': 5, 'train_mode': 'FedAvg', 'cla': 100}
Sequential(
  (0): Dense(784 -> 128, Activation(relu))
  (1): Dense(128 -> 64, Activation(relu))
  (2): Dense(64 -> 10, linear)
)
210
[0.13, 0.35, 0.45, 0.57, 0.58, 0.6, 0.61, 0.64, 0.65, 0.66, 0.66, 0.67, 0.66, 0.67, 0.69, 0.69, 0.69, 0.69, 0.7, 0.71, 0.72, 0.72, 0.74, 0.74, 0.75, 0.75, 0.76, 0.75, 0.76, 0.76, 0.77, 0.76, 0.78, 0.78, 0.8, 0.8, 0.81, 0.81, 0.81, 0.81, 0.81, 0.81, 0.81, 0.81, 0.83, 0.84, 0.84, 0.83, 0.85, 0.85, 0.85, 0.85, 0.86, 0.86, 0.86, 0.85, 0.87, 0.85, 0.85, 0.85, 0.85, 0.85, 0.85, 0.85, 0.85, 0.85, 0.85, 0.86, 0.86, 0.86, 0.86, 0.86, 0.86, 0.87, 0.87, 0.87, 0.87, 0.87, 0.87, 0.87, 0.87, 0.87, 0.87, 0.87, 0.87, 0.87, 0.87, 0.87, 0.87, 0.87, 0.87, 0.87, 0.87, 0.87, 0.87, 0.87, 0.87, 0.87, 0.87, 0.87, 0.87, 0.87, 0.87, 0.88, 0.88, 0.88, 0.88, 0.88, 0.88, 0.88, 0.88, 0.88, 0.88, 0.88, 0.88, 0.88, 0.88, 0.88, 0.88, 0.88, 0.88, 0.88, 0.88, 0.88, 0.88, 0.88, 0.88, 0.88, 0.88, 0.88, 0.88, 0.88, 0.88, 0.88, 0.88, 0.88, 0.89, 0.88, 0.89, 0.89, 0.89, 0.89, 0.89, 0.89, 0.89, 0.89, 0.89, 0.89, 0.89, 0.89, 0.89, 0.89, 0.89, 0.89, 0.89, 0.89, 0.89, 0.89, 0.89, 0.89, 0.89, 0.9, 0.89, 0.89, 0.89, 0.89, 0.9, 0.9, 0.9, 0.9, 0.9, 0.9, 0.9, 0.9, 0.9, 0.9, 0.9, 0.9, 0.9, 0.9, 0.9, 0.9, 0.9, 0.9, 0.9, 0.9, 0.9, 0.9, 0.9, 0.9, 0.9, 0.9, 0.9, 0.9, 0.91, 0.9, 0.9, 0.9, 0.9, 0.9, 0.9, 0.91, 0.91, 0.9, 0.9, 0.91, 0.9, 0.91, 0.91, 0.9]

