2020-05-03-10-02-47
{'learning_rate': 0.04, 'batch_size': 10, 'epoch': 5, 'train_mode': 'FedAvg', 'cla': 50}
Sequential(
  (0): Dense(784 -> 128, Activation(relu))
  (1): Dense(128 -> 64, Activation(relu))
  (2): Dense(64 -> 10, linear)
)
110
[0.91, 0.93, 0.93, 0.94, 0.93, 0.92, 0.92, 0.93, 0.93, 0.93, 0.91, 0.93, 0.92, 0.93, 0.93, 0.92, 0.93, 0.92, 0.93, 0.93, 0.94, 0.92, 0.92, 0.94, 0.93, 0.93, 0.92, 0.94, 0.93, 0.94, 0.93, 0.92, 0.91, 0.94, 0.94, 0.92, 0.94, 0.92, 0.93, 0.93, 0.93, 0.93, 0.94, 0.92, 0.93, 0.92, 0.92, 0.94, 0.93, 0.94, 0.93, 0.94, 0.93, 0.93, 0.93, 0.93, 0.94, 0.92, 0.93, 0.93, 0.95, 0.93, 0.93, 0.93, 0.93, 0.95, 0.94, 0.95, 0.95, 0.94, 0.94, 0.94, 0.95, 0.93, 0.92, 0.94, 0.94, 0.92, 0.93, 0.94, 0.94, 0.92, 0.93, 0.94, 0.94, 0.92, 0.94, 0.93, 0.95, 0.94, 0.93, 0.94, 0.93, 0.93, 0.94, 0.92, 0.94, 0.94, 0.94, 0.93, 0.94, 0.93, 0.94, 0.94, 0.94, 0.93, 0.95, 0.93, 0.94, 0.93]

