2020-05-04-18-07-14
{'learning_rate': 0.04, 'batch_size': 50, 'epoch': 5, 'train_mode': 'FedAvg', 'cla': 10}
Sequential(
  (0): Dense(784 -> 128, Activation(relu))
  (1): Dense(128 -> 64, Activation(relu))
  (2): Dense(64 -> 10, linear)
)
691
[0.11, 0.29, 0.37, 0.49, 0.27, 0.44, 0.43, 0.63, 0.63, 0.57, 0.55, 0.61, 0.55, 0.61, 0.67, 0.67, 0.67, 0.61, 0.68, 0.72, 0.72, 0.69, 0.74, 0.72, 0.65, 0.7, 0.72, 0.6, 0.71, 0.66, 0.74, 0.63, 0.78, 0.83, 0.78, 0.73, 0.8, 0.77, 0.75, 0.74, 0.77, 0.79, 0.63, 0.68, 0.64, 0.67, 0.79, 0.72, 0.79, 0.81, 0.79, 0.72, 0.75, 0.73, 0.83, 0.77, 0.77, 0.82, 0.81, 0.83, 0.79, 0.77, 0.72, 0.85, 0.83, 0.84, 0.87, 0.86, 0.78, 0.74, 0.77, 0.82, 0.78, 0.83, 0.84, 0.76, 0.83, 0.79, 0.79, 0.85, 0.84, 0.79, 0.76, 0.77, 0.81, 0.82, 0.82, 0.81, 0.8, 0.78, 0.89, 0.81, 0.81, 0.82, 0.84, 0.84, 0.87, 0.85, 0.76, 0.81, 0.73, 0.77, 0.85, 0.8, 0.85, 0.87, 0.77, 0.82, 0.81, 0.82, 0.78, 0.87, 0.88, 0.88, 0.85, 0.85, 0.86, 0.8, 0.79, 0.82, 0.78, 0.79, 0.85, 0.79, 0.81, 0.78, 0.76, 0.8, 0.86, 0.85, 0.83, 0.79, 0.83, 0.82, 0.87, 0.89, 0.78, 0.86, 0.87, 0.84, 0.9, 0.82, 0.87, 0.87, 0.83, 0.81, 0.83, 0.85, 0.79, 0.91, 0.81, 0.82, 0.86, 0.84, 0.86, 0.89, 0.89, 0.9, 0.8, 0.87, 0.88, 0.81, 0.86, 0.86, 0.83, 0.85, 0.86, 0.85, 0.83, 0.87, 0.86, 0.9, 0.88, 0.88, 0.84, 0.81, 0.84, 0.86, 0.86, 0.81, 0.81, 0.87, 0.89, 0.82, 0.81, 0.83, 0.81, 0.83, 0.81, 0.87, 0.84, 0.85, 0.89, 0.87, 0.86, 0.86, 0.88, 0.89, 0.85, 0.76, 0.8, 0.69, 0.86, 0.87, 0.87, 0.87, 0.82, 0.81, 0.87, 0.88, 0.88, 0.86, 0.88, 0.86, 0.9, 0.88, 0.86, 0.84, 0.87, 0.88, 0.89, 0.9, 0.9, 0.8, 0.89, 0.91, 0.88, 0.84, 0.89, 0.89, 0.89, 0.9, 0.9, 0.82, 0.87, 0.88, 0.84, 0.89, 0.89, 0.89, 0.88, 0.89, 0.82, 0.87, 0.88, 0.86, 0.88, 0.85, 0.89, 0.89, 0.84, 0.89, 0.88, 0.83, 0.89, 0.85, 0.85, 0.84, 0.9, 0.86, 0.88, 0.9, 0.85, 0.89, 0.89, 0.83, 0.84, 0.89, 0.86, 0.9, 0.89, 0.87, 0.85, 0.86, 0.88, 0.89, 0.88, 0.91, 0.78, 0.83, 0.86, 0.9, 0.8, 0.81, 0.86, 0.8, 0.88, 0.88, 0.89, 0.87, 0.87, 0.86, 0.89, 0.89, 0.88, 0.86, 0.88, 0.87, 0.85, 0.89, 0.91, 0.87, 0.91, 0.89, 0.89, 0.92, 0.9, 0.88, 0.87, 0.9, 0.92, 0.88, 0.89, 0.89, 0.86, 0.89, 0.84, 0.84, 0.87, 0.9, 0.89, 0.87, 0.88, 0.88, 0.91, 0.92, 0.87, 0.88, 0.9, 0.9, 0.92, 0.9, 0.84, 0.89, 0.9, 0.88, 0.9, 0.87, 0.88, 0.9, 0.88, 0.85, 0.89, 0.9, 0.88, 0.89, 0.91, 0.85, 0.9, 0.89, 0.89, 0.9, 0.88, 0.9, 0.89, 0.89, 0.87, 0.89, 0.87, 0.89, 0.91, 0.85, 0.88, 0.9, 0.9, 0.88, 0.89, 0.9, 0.89, 0.91, 0.9, 0.92, 0.9, 0.91, 0.92, 0.89, 0.88, 0.9, 0.87, 0.88, 0.86, 0.89, 0.87, 0.91, 0.9, 0.9, 0.91, 0.89, 0.89, 0.9, 0.91, 0.9, 0.9, 0.91, 0.91, 0.9, 0.88, 0.9, 0.9, 0.9, 0.91, 0.9, 0.9, 0.88, 0.9, 0.92, 0.91, 0.9, 0.88, 0.89, 0.89, 0.9, 0.88, 0.88, 0.89, 0.88, 0.88, 0.89, 0.91, 0.89, 0.91, 0.88, 0.91, 0.89, 0.88, 0.91, 0.88, 0.9, 0.9, 0.91, 0.91, 0.91, 0.91, 0.88, 0.88, 0.89, 0.89, 0.89, 0.89, 0.92, 0.89, 0.89, 0.9, 0.91, 0.9, 0.9, 0.89, 0.89, 0.9, 0.92, 0.88, 0.89, 0.88, 0.89, 0.89, 0.9, 0.91, 0.9, 0.9, 0.9, 0.89, 0.88, 0.9, 0.89, 0.91, 0.91, 0.92, 0.91, 0.9, 0.9, 0.9, 0.9, 0.89, 0.92, 0.91, 0.91, 0.91, 0.9, 0.89, 0.9, 0.88, 0.88, 0.88, 0.88, 0.91, 0.91, 0.89, 0.9, 0.9, 0.92, 0.89, 0.91, 0.91, 0.89, 0.89, 0.9, 0.92, 0.92, 0.9, 0.91, 0.89, 0.89, 0.9, 0.93, 0.91, 0.91, 0.89, 0.89, 0.88, 0.9, 0.89, 0.88, 0.88, 0.9, 0.91, 0.93, 0.91, 0.92, 0.92, 0.9, 0.91, 0.91, 0.91, 0.91, 0.91, 0.9, 0.9, 0.9, 0.91, 0.89, 0.92, 0.9, 0.92, 0.9, 0.9, 0.91, 0.89, 0.89, 0.9, 0.91, 0.91, 0.9, 0.9, 0.91, 0.91, 0.91, 0.91, 0.9, 0.9, 0.9, 0.93, 0.9, 0.91, 0.9, 0.89, 0.89, 0.91, 0.9, 0.92, 0.9, 0.91, 0.91, 0.93, 0.92, 0.91, 0.91, 0.89, 0.9, 0.9, 0.9, 0.9, 0.9, 0.91, 0.91, 0.91, 0.9, 0.91, 0.92, 0.92, 0.9, 0.9, 0.9, 0.89, 0.91, 0.91, 0.91, 0.9, 0.89, 0.92, 0.9, 0.92, 0.91, 0.92, 0.91, 0.92, 0.91, 0.92, 0.89, 0.9, 0.89, 0.89, 0.91, 0.91, 0.9, 0.9, 0.91, 0.92, 0.9, 0.91, 0.92, 0.92, 0.92, 0.9, 0.9, 0.91, 0.92, 0.9, 0.93, 0.9, 0.92, 0.92, 0.92, 0.92, 0.93, 0.93, 0.91, 0.9, 0.9, 0.9, 0.9, 0.9, 0.9, 0.91, 0.91, 0.92, 0.9, 0.9, 0.9, 0.92, 0.9, 0.89, 0.91, 0.89, 0.89, 0.92, 0.9, 0.9, 0.91, 0.9, 0.9, 0.92, 0.92, 0.92, 0.93, 0.92, 0.92, 0.92, 0.91, 0.9, 0.9, 0.9, 0.9, 0.91, 0.9, 0.9, 0.9, 0.9, 0.9, 0.9, 0.93, 0.93, 0.93, 0.92, 0.93, 0.91, 0.89, 0.92, 0.92, 0.92, 0.9, 0.91, 0.92, 0.92, 0.92, 0.93, 0.92, 0.89, 0.9, 0.9, 0.91, 0.9]

