2020-05-02-15-12-01
{'learning_rate': 0.04, 'batch_size': 10, 'epoch': 5, 'train_mode': 'FedAvg', 'cla': 10}
Sequential(
  (0): Dense(784 -> 128, Activation(relu))
  (1): Dense(128 -> 64, Activation(relu))
  (2): Dense(64 -> 10, linear)
)
260
[0.28, 0.2, 0.25, 0.55, 0.56, 0.47, 0.51, 0.45, 0.62, 0.56, 0.56, 0.71, 0.68, 0.64, 0.74, 0.65, 0.72, 0.73, 0.72, 0.73, 0.71, 0.69, 0.75, 0.72, 0.67, 0.71, 0.84, 0.76, 0.83, 0.82, 0.83, 0.77, 0.73, 0.75, 0.76, 0.78, 0.67, 0.8, 0.8, 0.84, 0.87, 0.85, 0.79, 0.82, 0.8, 0.77, 0.85, 0.88, 0.84, 0.75, 0.8, 0.87, 0.82, 0.86, 0.9, 0.82, 0.8, 0.87, 0.88, 0.89, 0.85, 0.84, 0.89, 0.84, 0.87, 0.74, 0.87, 0.88, 0.87, 0.89, 0.88, 0.87, 0.9, 0.91, 0.91, 0.88, 0.86, 0.87, 0.92, 0.9, 0.88, 0.9, 0.87, 0.87, 0.89, 0.83, 0.87, 0.88, 0.88, 0.9, 0.88, 0.91, 0.89, 0.92, 0.91, 0.84, 0.93, 0.91, 0.89, 0.9, 0.9, 0.9, 0.89, 0.88, 0.91, 0.87, 0.91, 0.89, 0.88, 0.9, 0.91, 0.9, 0.91, 0.94, 0.86, 0.93, 0.84, 0.92, 0.93, 0.91, 0.92, 0.92, 0.91, 0.91, 0.95, 0.92, 0.83, 0.93, 0.92, 0.92, 0.92, 0.9, 0.91, 0.93, 0.92, 0.92, 0.89, 0.87, 0.93, 0.93, 0.94, 0.92, 0.93, 0.92, 0.93, 0.92, 0.94, 0.94, 0.94, 0.92, 0.95, 0.93, 0.92, 0.94, 0.93, 0.93, 0.93, 0.91, 0.96, 0.92, 0.86, 0.92, 0.94, 0.92, 0.94, 0.93, 0.93, 0.89, 0.79, 0.94, 0.94, 0.92, 0.93, 0.91, 0.94, 0.94, 0.94, 0.94, 0.91, 0.94, 0.93, 0.93, 0.93, 0.92, 0.95, 0.92, 0.93, 0.92, 0.95, 0.95, 0.94, 0.91, 0.94, 0.94, 0.9, 0.9, 0.95, 0.95, 0.95, 0.9, 0.92, 0.95, 0.92, 0.87, 0.94, 0.96, 0.91, 0.92, 0.94, 0.93, 0.92, 0.95, 0.94, 0.92, 0.92, 0.94, 0.91, 0.96, 0.95, 0.95, 0.94, 0.94, 0.95, 0.92, 0.91, 0.96, 0.93, 0.96, 0.94, 0.95, 0.92, 0.95, 0.94, 0.91, 0.93, 0.96, 0.96, 0.91, 0.92, 0.95, 0.95, 0.91, 0.94, 0.94, 0.94, 0.93, 0.93, 0.86, 0.93, 0.94, 0.93, 0.94, 0.93, 0.93, 0.94, 0.94, 0.95, 0.96, 0.95, 0.97]

